  1.7687520e+002
  1.7700020e+002
  1.7712520e+002
  1.7725020e+002
  1.7737520e+002
  1.7750020e+002
  1.7762520e+002
  1.7775020e+002
  1.7787520e+002
  1.7800020e+002
  1.7812520e+002
  1.7825020e+002
  1.7837520e+002
  1.7850020e+002
  1.7862520e+002
  1.7875020e+002
  1.7887520e+002
  1.7900020e+002
  1.7912520e+002
  1.7925020e+002
  1.7937520e+002
  1.7950020e+002
  1.7962520e+002
  1.7975020e+002
  1.7987520e+002
  1.8000020e+002
  1.8012520e+002
  1.8025020e+002
  1.8037520e+002
  1.8050020e+002
  1.8062520e+002
  1.8075020e+002
  1.8087520e+002
  1.8112520e+002
  1.8125020e+002
  1.8137520e+002
  1.8150020e+002
  1.8162520e+002
  1.8175020e+002
  1.8187520e+002
  1.8200020e+002
  1.8212520e+002
  1.8225020e+002
  1.8237520e+002
  1.8250020e+002
  1.8262520e+002
  1.8275020e+002
  1.8287520e+002
  1.8300020e+002
  1.8312520e+002
  1.8325020e+002
  1.8337520e+002
  1.8350020e+002
  1.8362520e+002
  1.8375020e+002
  1.8387520e+002
  1.8400020e+002
  1.8412520e+002
  1.8425020e+002
  1.8437520e+002
  1.8450020e+002
  1.8462520e+002
  1.8475020e+002
  1.8487520e+002
  1.8500020e+002
  1.8512520e+002
  1.8525020e+002
  1.8537520e+002
  1.8550020e+002
  1.8562520e+002
  1.8575020e+002
  1.8587520e+002
  1.8600020e+002
  1.8612520e+002
  1.8625020e+002
  1.8637520e+002
  1.8650020e+002
  1.8662520e+002
  1.8675020e+002
  1.8687520e+002
  1.8700020e+002
  1.8712520e+002
  1.8725020e+002
  1.8737520e+002
  1.8750020e+002
  1.8762520e+002
  1.8775020e+002
  1.8787520e+002
  1.8800020e+002
  1.8812520e+002
  1.8825020e+002
  1.8837520e+002
  1.8850020e+002
  1.8862520e+002
  1.8875020e+002
  1.8887520e+002
  1.8900020e+002
  1.8912520e+002
  1.8925020e+002
  1.8937520e+002
  1.8950020e+002
  1.8962520e+002
  1.8975020e+002
  1.8987520e+002
  1.9000020e+002
  1.9012520e+002
  1.9025020e+002
  1.9037520e+002
  1.9050020e+002
  1.9062520e+002
  1.9075020e+002
  1.9087520e+002
  1.9100020e+002
  1.9112520e+002
  1.9125020e+002
  1.9137520e+002
  1.9150020e+002
  1.9162520e+002
  1.9175020e+002
  1.9187520e+002
  1.9200020e+002
  1.9212520e+002
  1.9225020e+002
  1.9237520e+002
  1.9250020e+002
  1.9262520e+002
  1.9275020e+002
  1.9287520e+002
  1.9300020e+002
  1.9312520e+002
  1.9325020e+002
  1.9337520e+002
  1.9350020e+002
  1.9362520e+002
  1.9375020e+002
  1.9387520e+002
  1.9400020e+002
  1.9412520e+002
  1.9425020e+002
  1.9437520e+002
  1.9450020e+002
  1.9462520e+002
  1.9475020e+002
  1.9487520e+002
  1.9500020e+002
  1.9512520e+002
  1.9525020e+002
  1.9537520e+002
  1.9550020e+002
  1.9562520e+002
  1.9575020e+002
  1.9587520e+002
  1.9600020e+002
  1.9612520e+002
  1.9625020e+002
  1.9637520e+002
  1.9650020e+002
  1.9662520e+002
  1.9687520e+002
  1.9700020e+002
  1.9712520e+002
  1.9725020e+002
  1.9737520e+002
  1.9750020e+002
  1.9762520e+002
  1.9775020e+002
  1.9787520e+002
  1.9800020e+002
  1.9812520e+002
  1.9825020e+002
  1.9837520e+002
  1.9850020e+002
  1.9862520e+002
  1.9875020e+002
  1.9887520e+002
  1.9900020e+002
  1.9912520e+002
  1.9925020e+002
  1.9937520e+002
  1.9950020e+002
  1.9962520e+002
  1.9975020e+002
  1.9987520e+002
  2.0000020e+002
  2.0012520e+002
  2.0025020e+002
  2.0037520e+002
  2.0050020e+002
  2.0062520e+002
  2.0075020e+002
  2.0087520e+002
  2.0100020e+002
  2.0112520e+002
  2.0125020e+002
  2.0137520e+002
  2.0150020e+002
  2.0162520e+002
  2.0175020e+002
  2.0187520e+002
  2.0200020e+002
  2.0212520e+002
  2.0225020e+002
  2.0237520e+002
  2.0250020e+002
  2.0262520e+002
  2.0275020e+002
  2.0287520e+002
  2.0300020e+002
  2.0312520e+002
  2.0325020e+002
  2.0337520e+002
  2.0350020e+002
  2.0362520e+002
  2.0375020e+002
  2.0387520e+002
  2.0400020e+002
  2.0412520e+002
  2.0425020e+002
  2.0437520e+002
  2.0450020e+002
  2.0462520e+002
  2.0475020e+002
  2.0487520e+002
  2.0500020e+002
  2.0512520e+002
  2.0525020e+002
  2.0537520e+002
  2.0550020e+002
  2.0562520e+002
  2.0575020e+002
  2.0587520e+002
  2.0600020e+002
  2.0612520e+002
  2.0625020e+002
  2.0637520e+002
  2.0650020e+002
  2.0662520e+002
  2.0675020e+002
  2.0687520e+002
  2.0700020e+002
  2.0712520e+002
  2.0750020e+002
  2.0762520e+002
  2.0775020e+002
  2.0787520e+002
  2.0800020e+002
  2.0812520e+002
  2.0825020e+002
  2.0837520e+002
  2.0850020e+002
  2.0862520e+002
  2.0875020e+002
  2.0887520e+002
  2.0900020e+002
  2.0937520e+002
  2.0950020e+002
  2.0962520e+002
  2.0975020e+002
  2.0987520e+002
  2.1000020e+002
  2.1012520e+002
  2.1025020e+002
  2.1037520e+002
  2.1050020e+002
  2.1062520e+002
  2.1075020e+002
  2.1087520e+002
  2.1100020e+002
  2.1112520e+002
  2.1125020e+002
  2.1137520e+002
  2.1150020e+002
  2.1162520e+002
  2.1175020e+002
  2.1187520e+002
  2.1200020e+002
  2.1212520e+002
  2.1225020e+002
  2.1237520e+002
  2.1250020e+002
  2.1262520e+002
  2.1275020e+002
  2.1287520e+002
  2.1300020e+002
  2.1312520e+002
  2.1325020e+002
  2.1337520e+002
  2.1350020e+002
  2.1362520e+002
  2.1375020e+002
  2.1387520e+002
  2.1400020e+002
  2.1412520e+002
  2.1425020e+002
  2.1437520e+002
  2.1450020e+002
  2.1462520e+002
  2.1475020e+002
  2.1487520e+002
  2.1500020e+002
  2.1512520e+002
  2.1525020e+002
  2.1537520e+002
  2.1550020e+002
  2.1562520e+002
  2.1575020e+002
  2.1587520e+002
  2.1600020e+002
  2.1612520e+002
  2.1625020e+002
  2.1637520e+002
  2.1650020e+002
  2.1662520e+002
  2.1675020e+002
  2.1687520e+002
  2.1700020e+002
  2.1712520e+002
  2.1725020e+002
  2.1737520e+002
  2.1750020e+002
  2.1762520e+002
  2.1775020e+002
  2.1787520e+002
  2.1800020e+002
  2.1812520e+002
  2.1825020e+002
  2.1837520e+002
  2.1850020e+002
  2.1862520e+002
  2.1875020e+002
  2.1887520e+002
  2.1900020e+002
  2.1912520e+002
  2.1925020e+002
  2.1937520e+002
  2.1950020e+002
  2.1962520e+002
  2.1975020e+002
  2.1987520e+002
  2.2000020e+002
  2.2012520e+002
  2.2025020e+002
  2.2037520e+002
  2.2050020e+002
  2.2062520e+002
  2.2075020e+002
  2.2087520e+002
  2.2100020e+002
  2.2112520e+002
  2.2125020e+002
  2.2137520e+002
  2.2150020e+002
  2.2162520e+002
  2.2175020e+002
  2.2187520e+002
  2.2200020e+002
  2.2212520e+002
  2.2225020e+002
  2.2237520e+002
  2.2250020e+002
  2.2262520e+002
  2.2275020e+002
  2.2287520e+002
  2.2300020e+002
  2.2312520e+002
  2.2325020e+002
  2.2337520e+002
  2.2350020e+002
  2.2362520e+002
  2.2375020e+002
  2.2387520e+002
  2.2400020e+002
  2.2412520e+002
  2.2425020e+002
  2.2437520e+002
  2.2450020e+002
  2.2462520e+002
  2.2475020e+002
  2.2487520e+002
  2.2500020e+002
  2.2512520e+002
  2.2525020e+002
  2.2537520e+002
  2.2550020e+002
  2.2562520e+002
  2.2575020e+002
  2.2587520e+002
  2.2600020e+002
  2.2612520e+002
  2.2625020e+002
  2.2637520e+002
  2.2650020e+002
  2.2662520e+002
  2.2675020e+002
  2.2687520e+002
  2.2700020e+002
  2.2712520e+002
  2.2725020e+002
  2.2737520e+002
  2.2750020e+002
  2.2762520e+002
  2.2775020e+002
  2.2787520e+002
  2.2800020e+002
  2.2812520e+002
  2.2825020e+002
  2.2837520e+002
  2.2850020e+002
  2.2862520e+002
  2.2875020e+002
  2.2887520e+002
  2.2900020e+002
  2.2912520e+002
  2.2925020e+002
  2.2937520e+002
  2.2950020e+002
  2.2962520e+002
  2.2975020e+002
  2.2987520e+002
  2.3000020e+002
  2.3012520e+002
  2.3025020e+002
  2.3037520e+002
  2.3050020e+002
  2.3062520e+002
  2.3075020e+002
  2.3087520e+002
  2.3100020e+002
  2.3112520e+002
  2.3125020e+002
  2.3137520e+002
  2.3150020e+002
  2.3162520e+002
  2.3175020e+002
  2.3187520e+002
  2.3200020e+002
  2.3212520e+002
  2.3225020e+002
  2.3237520e+002
  2.3250020e+002
  2.3262520e+002
  2.3275020e+002
  2.3287520e+002
  2.3300020e+002
  2.3312520e+002
  2.3325020e+002
  2.3337520e+002
  2.3350020e+002
  2.3362520e+002
  2.3375020e+002
  2.3387520e+002
  2.3400020e+002
  2.3412520e+002
  2.3425020e+002
  2.3437520e+002
  2.3450020e+002
  2.3462520e+002
  2.3475020e+002
  2.3487520e+002
  2.3500020e+002
  2.3512520e+002
  2.3525020e+002
  2.3537520e+002
  2.3550020e+002
  2.3562520e+002
  2.3575020e+002
