176.7501968	6782115.104	502246.268	342.935
176.8751968	6782114.793	502245.818	342.947
177.0001968	6782114.457	502245.36	342.897
177.1251968	6782114.155	502244.896	342.908
177.2501968	6782113.855	502244.474	342.885
177.3751968	6782113.569	502244.063	342.879
177.5001968	6782113.291	502243.656	342.86
177.6251968	6782112.997	502243.243	342.836
177.7501968	6782112.673	502242.792	342.829
177.8751968	6782112.357	502242.319	342.833
178.0001968	6782112.014	502241.823	342.786
178.1251968	6782111.7	502241.363	342.8
178.2501968	6782111.39	502240.931	342.772
178.3751968	6782111.099	502240.516	342.76
178.5001968	6782110.826	502240.109	342.71
178.6251968	6782110.529	502239.697	342.712
178.7501968	6782110.208	502239.24	342.682
178.8751968	6782109.871	502238.764	342.671
179.0001968	6782109.558	502238.297	342.659
179.1251968	6782109.261	502237.85	342.661
179.2501968	6782108.96	502237.434	342.614
179.3751968	6782108.671	502237.044	342.609
179.5001968	6782108.413	502236.654	342.597
179.6251968	6782108.135	502236.265	342.598
179.7501968	6782107.835	502235.858	342.561
179.8751968	6782107.518	502235.421	342.549
180.0001968	6782107.243	502234.994	342.506
180.1251968	6782106.943	502234.568	342.521
180.2501968	6782106.632	502234.251	342.646
180.3751968	6782106.39	502233.786	342.482
180.5001968	6782106.133	502233.405	342.46
180.6251968	6782105.862	502233.026	342.45
180.7501968	6782105.585	502232.64	342.425
180.8751968	6782105.292	502232.243	342.406
181.1251968	6782104.068	502230.889	342.875
181.2501968	6782104.491	502231.096	342.352
181.3751968	6782104.241	502230.74	342.347
181.5001968	6782103.982	502230.373	342.326
181.6251968	6782103.732	502230.005	342.313
181.7501968	6782103.454	502229.614	342.288
181.8751968	6782103.163	502229.198	342.269
182.0001968	6782102.873	502228.773	342.245
182.1251968	6782102.594	502228.345	342.266
182.2501968	6782102.296	502227.933	342.217
182.3751968	6782102.026	502227.545	342.211
182.5001968	6782101.765	502227.161	342.197
182.6251968	6782101.499	502226.782	342.187
182.7501968	6782101.229	502226.392	342.161
182.8751968	6782100.939	502225.99	342.148
183.0001968	6782100.671	502225.61	342.112
183.1251968	6782100.366	502225.22	341.846
183.2501968	6782100.117	502224.817	342.1
183.3751968	6782099.856	502224.446	342.072
183.5001968	6782099.6	502224.08	342.067
183.6251968	6782099.348	502223.708	342.058
183.7501968	6782099.075	502223.332	342.032
183.8751968	6782098.827	502222.949	342.009
184.0001968	6782098.541	502222.558	341.995
184.1251968	6782098.276	502222.17	342.001
184.2501968	6782098	502221.786	341.962
184.3751968	6782097.735	502221.41	341.934
184.5001968	6782097.484	502221.036	341.929
184.6251968	6782097.22	502220.657	341.924
184.7501968	6782096.945	502220.268	341.894
184.8751968	6782096.675	502219.88	341.872
185.0001968	6782096.403	502219.497	341.836
185.1251968	6782096.141	502219.107	341.853
185.2501968	6782095.868	502218.729	341.819
185.3751968	6782095.607	502218.358	341.78
185.5001968	6782095.352	502217.99	341.77
185.6251968	6782095.088	502217.61	341.781
185.7501968	6782094.81	502217.211	341.75
185.8751968	6782094.527	502216.809	341.736
186.0001968	6782094.247	502216.4	341.712
186.1251968	6782093.967	502215.984	341.721
186.2501968	6782093.676	502215.579	341.696
186.3751968	6782093.397	502215.181	341.662
186.5001968	6782093.13	502214.78	341.659
186.6251968	6782092.853	502214.37	341.654
186.7501968	6782092.555	502213.942	341.63
186.8751968	6782092.233	502213.476	341.633
187.0001968	6782091.912	502213.033	341.536
187.1251968	6782091.631	502212.569	341.583
187.2501968	6782091.32	502212.131	341.565
187.3751968	6782091.03	502211.714	341.533
187.5001968	6782090.753	502211.31	341.514
187.6251968	6782090.473	502210.904	341.522
187.7501968	6782090.173	502210.479	341.493
187.8751968	6782089.881	502210.054	341.473
188.0001968	6782089.596	502209.624	341.462
188.1251968	6782089.307	502209.217	341.442
188.2501968	6782089.021	502208.821	341.417
188.3751968	6782088.741	502208.44	341.402
188.5001968	6782088.488	502208.076	341.371
188.6251968	6782088.232	502207.693	341.374
188.7501968	6782087.93	502207.261	341.352
188.8751968	6782087.629	502206.804	341.349
189.0001968	6782087.319	502206.336	341.373
189.1251968	6782087	502205.879	341.306
189.2501968	6782086.68	502205.41	341.284
189.3751968	6782086.359	502204.944	341.292
189.5001968	6782086.04	502204.467	341.265
189.6251968	6782085.694	502203.954	341.266
189.7501968	6782085.304	502203.363	341.259
189.8751968	6782084.872	502202.705	341.281
190.0001968	6782084.429	502202.063	341.232
190.1251968	6782083.985	502201.339	341.25
190.2501968	6782083.56	502200.667	341.235
190.3751968	6782083.124	502199.974	341.336
190.5001968	6782082.707	502199.415	341.198
190.6251968	6782082.263	502198.782	341.199
190.7501968	6782081.806	502198.071	341.213
190.8751968	6782081.332	502197.328	341.233
191.0001968	6782080.893	502196.657	341.2
191.1251968	6782080.46	502196.014	341.17
191.2501968	6782080.04	502195.42	341.133
191.3751968	6782079.653	502194.874	341.153
191.5001968	6782079.3	502194.397	341.059
191.6251968	6782078.956	502193.929	341.037
191.7501968	6782078.621	502193.439	341.03
191.8751968	6782078.286	502192.948	340.997
192.0001968	6782077.976	502192.5	340.965
192.1251968	6782077.668	502192.108	340.947
192.2501968	6782077.4	502191.729	340.922
192.3751968	6782077.152	502191.362	340.901
192.5001968	6782076.914	502191.017	340.867
192.6251968	6782076.66	502190.641	340.847
192.7501968	6782076.39	502190.257	340.833
192.8751968	6782076.117	502189.852	340.818
193.0001968	6782075.849	502189.462	340.791
193.1251968	6782075.596	502189.101	340.771
193.2501968	6782075.349	502188.761	340.751
193.3751968	6782075.121	502188.442	340.721
193.5001968	6782074.899	502188.113	340.701
193.6251968	6782074.663	502187.78	340.68
193.7501968	6782074.411	502187.412	340.664
193.8751968	6782074.138	502187.016	340.66
194.0001968	6782073.868	502186.627	340.633
194.1251968	6782073.613	502186.267	340.618
194.2501968	6782073.375	502185.939	340.591
194.3751968	6782073.147	502185.633	340.571
194.5001968	6782072.935	502185.33	340.546
194.6251968	6782072.706	502185.013	340.53
194.7501968	6782072.463	502184.649	340.517
194.8751968	6782072.188	502184.248	340.522
195.0001968	6782071.932	502183.857	340.495
195.1251968	6782071.679	502183.499	340.474
195.2501968	6782071.454	502183.167	340.448
195.3751968	6782071.223	502182.862	340.439
195.5001968	6782071.003	502182.563	340.395
195.6251968	6782070.782	502182.238	340.381
195.7501968	6782070.522	502181.874	340.358
195.8751968	6782070.258	502181.467	340.35
196.0001968	6782069.995	502181.067	340.33
196.1251968	6782069.741	502180.707	340.323
196.2501968	6782069.52	502180.374	340.282
196.3751968	6782069.297	502180.072	340.262
196.5001968	6782069.084	502179.78	340.243
196.6251968	6782068.858	502179.465	340.213
196.8751968	6782068.367	502178.736	340.196
197.0001968	6782068.116	502178.357	340.176
197.1251968	6782067.871	502178.009	340.157
197.2501968	6782067.645	502177.689	340.13
197.3751968	6782067.43	502177.387	340.13
197.5001968	6782067.198	502177.083	340.083
197.6251968	6782066.986	502176.769	340.067
197.7501968	6782066.749	502176.416	340.061
197.8751968	6782066.486	502176.022	340.036
198.0001968	6782066.242	502175.617	340.024
198.1251968	6782065.989	502175.271	340.033
198.2501968	6782065.762	502174.949	340.006
198.3751968	6782065.538	502174.65	339.977
198.5001968	6782065.324	502174.36	339.945
198.6251968	6782065.105	502174.05	339.928
198.7501968	6782064.864	502173.695	339.92
198.8751968	6782064.624	502173.346	339.833
199.0001968	6782064.33	502172.907	339.895
199.1251968	6782064.072	502172.536	339.876
199.2501968	6782063.841	502172.196	339.849
199.3751968	6782063.615	502171.88	339.821
199.5001968	6782063.396	502171.572	339.798
199.6251968	6782063.18	502171.27	339.805
199.7501968	6782062.955	502170.969	339.766
199.8751968	6782062.729	502170.643	339.753
200.0001968	6782062.523	502170.323	339.726
200.1251968	6782062.298	502170.018	339.738
200.2501968	6782062.092	502169.714	339.726
200.3751968	6782061.876	502169.42	339.677
200.5001968	6782061.678	502169.125	339.645
200.6251968	6782061.467	502168.829	339.645
200.7501968	6782061.25	502168.522	339.617
200.8751968	6782061.031	502168.194	339.607
201.0001968	6782060.819	502167.874	339.596
201.1251968	6782060.597	502167.56	339.577
201.2501968	6782060.389	502167.26	339.567
201.3751968	6782060.174	502166.964	339.533
201.5001968	6782059.961	502166.663	339.511
201.6251968	6782059.745	502166.339	339.513
201.7501968	6782059.484	502165.964	339.483
201.8751968	6782059.205	502165.528	339.508
202.0001968	6782058.914	502165.077	339.476
202.1251968	6782058.629	502164.646	339.467
202.2501968	6782058.364	502164.24	339.488
202.3751968	6782058.082	502163.836	339.43
202.5001968	6782057.806	502163.436	339.401
202.6251968	6782057.512	502163.027	339.394
202.7501968	6782057.229	502162.598	339.361
202.8751968	6782056.941	502162.139	339.385
203.0001968	6782056.636	502161.691	339.383
203.1251968	6782056.344	502161.255	339.349
203.2501968	6782056.102	502160.836	339.408
203.3751968	6782055.809	502160.43	339.303
203.5001968	6782055.558	502160.039	339.273
203.6251968	6782055.293	502159.649	339.273
203.7501968	6782055.016	502159.235	339.26
203.8751968	6782054.748	502158.812	339.246
204.0001968	6782054.472	502158.397	339.235
204.1251968	6782054.198	502158.011	339.22
204.2501968	6782053.986	502157.662	339.289
204.3751968	6782053.722	502157.306	339.154
204.5001968	6782053.492	502156.957	339.143
204.6251968	6782053.248	502156.602	339.122
204.7501968	6782053.101	502156.238	339.326
204.8751968	6782052.772	502155.882	339.111
205.0001968	6782052.526	502155.512	339.082
205.1251968	6782052.264	502155.165	339.075
205.2501968	6782052.038	502154.825	339.058
205.3751968	6782051.8	502154.5	339.004
205.5001968	6782051.579	502154.172	338.992
205.6251968	6782051.353	502153.835	338.981
205.7501968	6782051.109	502153.458	338.952
205.8751968	6782050.834	502153.026	338.958
206.0001968	6782050.557	502152.573	338.945
206.1251968	6782050.279	502152.145	338.942
206.2501968	6782050.01	502151.747	338.891
206.3751968	6782049.768	502151.383	338.883
206.5001968	6782049.529	502151.038	338.88
206.6251968	6782049.275	502150.665	338.869
206.7501968	6782049.02	502150.263	338.864
206.8751968	6782048.729	502149.832	338.843
207.0001968	6782048.453	502149.416	338.824
207.1251968	6782048.181	502148.999	338.849
207.5001968	6782047.416	502147.838	338.748
207.6251968	6782047.157	502147.45	338.751
207.7501968	6782046.922	502147.099	338.736
207.8751968	6782046.685	502146.774	338.705
208.0001968	6782046.467	502146.459	338.681
208.1251968	6782046.247	502146.159	338.678
208.2501968	6782046.03	502145.867	338.61
208.3751968	6782045.822	502145.591	338.584
208.5001968	6782045.619	502145.307	338.576
208.6251968	6782045.4	502145	338.566
208.7501968	6782045.188	502144.684	338.555
208.8751968	6782044.924	502144.31	338.526
209.0001968	6782044.67	502143.887	338.559
209.3751968	6782043.805	502142.678	338.466
209.5001968	6782043.513	502142.236	338.442
209.6251968	6782043.207	502141.77	338.433
209.7501968	6782042.901	502141.291	338.434
209.8751968	6782042.548	502140.778	338.4
210.0001968	6782042.194	502140.239	338.388
210.1251968	6782041.854	502139.702	338.405
210.2501968	6782041.512	502139.222	338.347
210.3751968	6782041.221	502138.843	338.335
210.5001968	6782040.882	502138.34	338.334
210.6251968	6782040.529	502137.792	338.353
210.7501968	6782040.179	502137.24	338.349
210.8751968	6782039.8	502136.694	338.307
211.0001968	6782039.408	502136.184	338.214
211.1251968	6782039.139	502135.699	338.287
211.2501968	6782038.834	502135.273	338.211
211.3751968	6782038.568	502134.903	338.19
211.5001968	6782038.317	502134.549	338.195
211.6251968	6782038.074	502134.2	338.183
211.7501968	6782037.831	502133.85	338.164
211.8751968	6782037.567	502133.486	338.121
212.0001968	6782037.34	502133.134	338.107
212.1251968	6782037.108	502132.815	338.083
212.2501968	6782036.88	502132.506	338.038
212.3751968	6782036.67	502132.221	338.006
212.5001968	6782036.463	502131.928	337.995
212.6251968	6782036.255	502131.632	337.991
212.7501968	6782036.064	502131.343	337.795
212.8751968	6782035.833	502131.033	337.934
213.0001968	6782035.623	502130.718	337.938
213.1251968	6782035.409	502130.418	337.91
213.2501968	6782035.202	502130.128	337.879
213.3751968	6782035.006	502129.854	337.841
213.5001968	6782034.808	502129.574	337.839
213.6251968	6782034.604	502129.28	337.824
213.7501968	6782034.402	502128.969	337.827
213.8751968	6782034.155	502128.625	337.782
214.0001968	6782033.933	502128.284	337.777
214.1251968	6782033.707	502127.958	337.757
214.2501968	6782033.486	502127.646	337.735
214.3751968	6782033.292	502127.363	337.689
214.5001968	6782033.091	502127.074	337.693
214.6251968	6782032.878	502126.764	337.681
214.7501968	6782032.66	502126.43	337.679
214.8751968	6782032.399	502126.052	337.636
215.0001968	6782032.148	502125.683	337.621
215.1251968	6782031.903	502125.314	337.592
215.2501968	6782031.675	502124.979	337.613
215.3751968	6782031.416	502124.617	337.568
215.5001968	6782031.152	502124.227	337.578
215.6251968	6782030.867	502123.781	337.575
215.7501968	6782030.568	502123.253	337.608
215.8751968	6782030.178	502122.668	337.558
216.0001968	6782029.742	502122.015	337.531
216.1251968	6782029.353	502121.389	337.549
216.2501968	6782028.97	502120.782	337.566
216.3751968	6782028.613	502120.213	337.543
216.5001968	6782028.281	502119.709	337.533
216.6251968	6782027.927	502119.191	337.514
216.7501968	6782027.567	502118.633	337.539
216.8751968	6782027.19	502118.067	337.481
217.0001968	6782026.846	502117.557	337.474
217.1251968	6782026.539	502117.125	337.446
217.2501968	6782026.261	502116.753	337.424
217.3751968	6782026.021	502116.422	337.362
217.5001968	6782025.82	502116.148	337.347
217.6251968	6782025.61	502115.856	337.312
217.7501968	6782025.411	502115.553	337.299
217.8751968	6782025.181	502115.243	337.25
218.0001968	6782024.978	502114.952	337.237
218.1251968	6782024.774	502114.674	337.218
218.2501968	6782024.582	502114.411	337.207
218.3751968	6782024.394	502114.154	337.157
218.5001968	6782024.213	502113.904	337.132
218.6251968	6782024.024	502113.649	337.097
218.7501968	6782023.822	502113.352	337.091
218.8751968	6782023.609	502113.035	337.044
219.0001968	6782023.392	502112.713	337.047
219.1251968	6782023.175	502112.405	337.009
219.2501968	6782022.969	502112.126	337.015
219.3751968	6782022.772	502111.851	336.983
219.5001968	6782022.593	502111.58	336.972
219.6251968	6782022.395	502111.271	336.945
219.7501968	6782022.155	502110.903	336.952
219.8751968	6782021.904	502110.512	336.922
220.0001968	6782021.622	502110.01	336.904
220.1251968	6782021.372	502109.689	336.882
220.2501968	6782021.14	502109.343	336.986
220.3751968	6782020.911	502109.013	336.858
220.5001968	6782020.707	502108.705	336.846
220.6251968	6782020.485	502108.378	336.808
220.7501968	6782020.218	502107.979	336.805
220.8751968	6782019.943	502107.556	336.766
221.0001968	6782019.678	502107.152	336.774
221.1251968	6782019.42	502106.798	336.75
221.2501968	6782019.193	502106.488	336.734
221.3751968	6782018.994	502106.182	336.7
221.5001968	6782018.799	502105.887	336.678
221.6251968	6782018.59	502105.602	336.652
221.7501968	6782018.386	502105.307	336.634
221.8751968	6782018.174	502105.004	336.61
222.0001968	6782017.976	502104.693	336.622
222.1251968	6782017.761	502104.407	336.568
222.2501968	6782017.578	502104.138	336.56
222.3751968	6782017.392	502103.87	336.536
222.5001968	6782017.206	502103.606	336.523
222.6251968	6782017.002	502103.315	336.482
222.7501968	6782016.774	502102.998	336.47
222.8751968	6782016.532	502102.647	336.443
223.0001968	6782016.301	502102.301	336.448
223.1251968	6782016.074	502101.986	336.412
223.2501968	6782015.881	502101.683	336.399
223.3751968	6782015.69	502101.389	336.386
223.5001968	6782015.456	502101.121	336.368
223.6251968	6782015.25	502100.777	336.354
223.7501968	6782014.979	502100.353	336.337
223.8751968	6782014.687	502099.902	336.303
224.0001968	6782014.404	502099.446	336.336
224.1251968	6782014.111	502099.008	336.289
224.2501968	6782013.838	502098.596	336.278
224.3751968	6782013.587	502098.216	336.259
224.5001968	6782013.349	502097.852	336.236
224.6251968	6782013.112	502097.498	336.226
224.7501968	6782012.869	502097.148	336.203
224.8751968	6782012.63	502096.795	336.159
225.0001968	6782012.403	502096.451	336.189
225.1251968	6782012.168	502096.132	336.141
225.2501968	6782011.969	502095.838	336.123
225.3751968	6782011.763	502095.55	336.108
225.5001968	6782011.571	502095.261	336.092
225.6251968	6782011.366	502094.957	336.061
225.7501968	6782011.134	502094.615	336.033
225.8751968	6782010.896	502094.257	335.981
226.0001968	6782010.683	502093.918	336.016
226.1251968	6782010.47	502093.636	335.967
226.2501968	6782010.277	502093.351	335.946
226.3751968	6782010.078	502093.075	335.932
226.5001968	6782009.889	502092.788	335.921
226.6251968	6782009.685	502092.475	335.907
226.7501968	6782009.449	502092.106	335.868
226.8751968	6782009.198	502091.73	335.84
227.0001968	6782008.95	502091.351	335.88
227.1251968	6782008.711	502091.01	335.832
227.2501968	6782008.514	502090.722	335.794
227.3751968	6782008.319	502090.438	335.788
227.5001968	6782008.125	502090.148	335.785
227.6251968	6782007.908	502089.841	335.763
227.7501968	6782007.652	502089.477	335.561
227.8751968	6782007.382	502089.06	335.729
228.0001968	6782007.11	502088.657	335.77
228.1251968	6782006.851	502088.268	335.694
228.2501968	6782006.598	502087.9	335.666
228.3751968	6782006.356	502087.547	335.673
228.5001968	6782006.12	502087.175	335.662
228.6251968	6782005.83	502086.771	335.652
228.7501968	6782005.501	502086.3	335.63
228.8751968	6782005.196	502085.825	335.626
229.0001968	6782004.914	502085.384	335.635
229.1251968	6782004.626	502084.951	335.599
229.2501968	6782004.35	502084.563	335.568
229.3751968	6782004.102	502084.202	335.563
229.5001968	6782003.893	502083.849	335.534
229.6251968	6782003.644	502083.505	335.511
229.7501968	6782003.373	502083.13	335.477
229.8751968	6782003.114	502082.72	335.479
230.0001968	6782002.846	502082.334	335.481
230.1251968	6782002.628	502082.002	335.43
230.2501968	6782002.4	502081.678	335.395
230.3751968	6782002.178	502081.365	335.384
230.5001968	6782001.978	502081.064	335.369
230.6251968	6782001.725	502080.734	335.344
230.7501968	6782001.494	502080.391	335.31
230.8751968	6782001.266	502080.038	335.275
231.0001968	6782001.038	502079.695	335.299
231.1251968	6782000.854	502079.391	335.265
231.2501968	6782000.639	502079.101	335.219
231.3751968	6782000.444	502078.82	335.205
231.5001968	6782000.262	502078.545	335.203
231.6251968	6782000.043	502078.267	335.189
231.7501968	6781999.831	502077.957	335.164
231.8751968	6781999.617	502077.63	335.131
232.0001968	6781999.395	502077.317	335.135
232.1251968	6781999.194	502077.019	335.098
232.2501968	6781998.992	502076.737	335.074
232.3751968	6781998.801	502076.455	335.057
232.5001968	6781998.633	502076.182	335.044
232.6251968	6781998.416	502075.893	335.036
232.7501968	6781998.202	502075.59	335.004
232.8751968	6781997.993	502075.274	334.99
233.0001968	6781997.773	502074.952	334.99
233.1251968	6781997.537	502074.594	334.969
233.2501968	6781997.297	502074.213	334.95
233.3751968	6781997.075	502073.881	334.94
233.5001968	6781996.851	502073.557	334.935
233.6251968	6781996.645	502073.253	334.902
233.7501968	6781996.403	502072.893	334.892
233.8751968	6781996.153	502072.513	334.865
234.0001968	6781995.886	502072.132	334.89
234.1251968	6781995.685	502071.811	334.838
234.2501968	6781995.485	502071.52	334.821
234.3751968	6781995.303	502071.245	334.803
234.5001968	6781995.122	502070.964	334.797
234.6251968	6781994.919	502070.675	334.773
234.7501968	6781994.702	502070.353	334.741
234.8751968	6781994.459	502069.985	334.722
235.0001968	6781994.222	502069.626	334.719
235.1251968	6781994.009	502069.287	334.7
235.2501968	6781993.794	502068.972	334.688
235.3751968	6781993.598	502068.667	334.659
235.5001968	6781993.393	502068.372	334.652
235.6251968	6781993.179	502068.049	334.628
235.7501968	6781992.935	502067.692	334.619
