  4.3771406e+000
  4.5618242e+000
  4.4298695e+000
  4.1462311e+000
  4.0060195e+000
  3.9459873e+000
  4.0601951e+000
  4.4428892e+000
  4.5508751e+000
  4.8390015e+000
  4.4570268e+000
  4.2596375e+000
  4.0560079e+000
  3.9409887e+000
  4.0631574e+000
  4.4742105e+000
  4.6665859e+000
  4.4985473e+000
  4.2934145e+000
  4.1249756e+000
  3.8834706e+000
  3.7421534e+000
  3.8250208e+000
  4.0557554e+000
  4.3200148e+000
  4.0776699e+000
  4.1699957e+000
  3.6907235e+000
  4.3940687e+000
  3.6808173e+000
  3.7282232e+000
  3.8061004e+000
  3.9502425e+000
  7.5381197e+000
  5.6302440e+000
  3.4803310e+000
  3.5974302e+000
  3.5606112e+000
  3.8432486e+000
  4.0642677e+000
  4.1205902e+000
  4.0906997e+000
  4.0866534e+000
  3.7818937e+000
  3.7161098e+000
  3.7051057e+000
  3.8004294e+000
  3.9668466e+000
  3.7311232e+000
  4.4962633e+000
  4.3001470e+000
  3.6357866e+000
  3.5733861e+000
  3.5952769e+000
  3.7230611e+000
  3.6548882e+000
  3.8770958e+000
  3.7591914e+000
  3.7960232e+000
  3.6868198e+000
  3.6035716e+000
  3.6952900e+000
  3.8186574e+000
  3.7856825e+000
  3.7690869e+000
  3.7611317e+000
  3.7401091e+000
  3.6422674e+000
  3.5826158e+000
  3.7026866e+000
  3.8982745e+000
  3.9345770e+000
  3.9699431e+000
  4.0122772e+000
  3.9946444e+000
  3.8979051e+000
  3.8541323e+000
  3.9586179e+000
  4.1766130e+000
  4.5314828e+000
  4.4448550e+000
  4.3558953e+000
  4.2998716e+000
  4.0714656e+000
  3.9216813e+000
  3.9460360e+000
  4.1681919e+000
  4.1282558e+000
  4.1279225e+000
  3.9965585e+000
  3.9129488e+000
  3.7844820e+000
  3.5549717e+000
  3.6855089e+000
  4.2204227e+000
  4.3778278e+000
  4.4949750e+000
  4.4906944e+000
  4.5455561e+000
  4.5273286e+000
  4.5957824e+000
  4.9502226e+000
  5.6649378e+000
  6.2995720e+000
  6.2523672e+000
  6.7959329e+000
  6.3620575e+000
  6.5996170e+000
  5.6873980e+000
  6.1855367e+000
  6.7625605e+000
  7.0523755e+000
  6.4202230e+000
  6.2062575e+000
  5.8274111e+000
  5.3563271e+000
  4.8064889e+000
  4.6499480e+000
  4.7488879e+000
  4.7624867e+000
  4.3658896e+000
  3.9908054e+000
  3.7188385e+000
  3.5474746e+000
  3.3640452e+000
  3.6335503e+000
  3.7570371e+000
  3.9092015e+000
  3.7918059e+000
  3.5302578e+000
  3.3657950e+000
  3.1459943e+000
  3.1791823e+000
  3.2695052e+000
  3.5704028e+000
  3.8480000e+000
  3.7943115e+000
  3.5313454e+000
  3.2491919e+000
  3.0570051e+000
  2.9651631e+000
  3.1311186e+000
  3.5028126e+000
  3.8900982e+000
  3.7450426e+000
  3.5110249e+000
  3.2152138e+000
  3.0616806e+000
  2.9905130e+000
  3.1461672e+000
  3.5832946e+000
  3.8815172e+000
  3.8330687e+000
  3.5251326e+000
  3.2140790e+000
  3.0075425e+000
  2.8954475e+000
  3.1107658e+000
  3.5163868e+000
  3.6401494e+000
  3.4081315e+000
  3.1415156e+000
  2.9657134e+000
  3.0823264e+000
  3.0336354e+000
  3.4017784e+000
  3.7949862e+000
  3.7837970e+000
  3.4298082e+000
  3.1591594e+000
  2.9977912e+000
  2.8946295e+000
  3.0394736e+000
  3.4332026e+000
  3.4592022e+000
  4.2558271e+000
  3.6183178e+000
  3.2954757e+000
  3.1160590e+000
  3.0289695e+000
  2.9708881e+000
  3.0225499e+000
  3.1751132e+000
  3.0522385e+000
  3.0336143e+000
  2.9393441e+000
  2.9447499e+000
  2.8538031e+000
  2.9080523e+000
  3.0159257e+000
  3.1561496e+000
  3.0720937e+000
  3.0801662e+000
  2.9215229e+000
  2.9393550e+000
  2.9551744e+000
  3.1152374e+000
  3.6629693e+000
  4.1458374e+000
  4.3014863e+000
  4.1342820e+000
  3.8822839e+000
  3.9687096e+000
  3.8947513e+000
  4.0300154e+000
  4.1199534e+000
  4.3392239e+000
  4.3357712e+000
  4.2067831e+000
  3.8995877e+000
  4.0926080e+000
  3.7247883e+000
  3.7721082e+000
  3.9863286e+000
  4.0075848e+000
  3.9881585e+000
  3.7888003e+000
  3.3130626e+000
  3.7064873e+000
  3.3449377e+000
  3.4502359e+000
  3.5392293e+000
  4.2422786e+000
  3.5620848e+000
  3.4788688e+000
  3.2689081e+000
  3.2514366e+000
  3.1655041e+000
  3.2473103e+000
  3.6000533e+000
  4.0971014e+000
  4.2490997e+000
  4.0829558e+000
  3.8646376e+000
  3.4974185e+000
  3.3576659e+000
  3.6112358e+000
  3.8086554e+000
  4.1637137e+000
  3.9967427e+000
  3.9879659e+000
  3.7174395e+000
  3.7321008e+000
  3.3813701e+000
  3.2274324e+000
  3.0706351e+000
  2.9762688e+000
  2.9608323e+000
  2.7726204e+000
  2.7934667e+000
  3.0179198e+000
  3.0454793e+000
  3.6696637e+000
  3.9560303e+000
  3.9719505e+000
  4.2422937e+000
  4.4604789e+000
  4.5471961e+000
  4.9891659e+000
  5.1597271e+000
  5.0865029e+000
  4.7377834e+000
  3.8238494e+000
  4.8525853e+000
  5.2170428e+000
  5.2289655e+000
  5.3277898e+000
  5.1994646e+000
  4.4751045e+000
  4.2352955e+000
  3.6494120e+000
  3.4718710e+000
  3.4034712e+000
  3.4120727e+000
  3.6136718e+000
  3.3526491e+000
  3.1613769e+000
  3.0931149e+000
  2.8436484e+000
  2.8713091e+000
  2.8943642e+000
  3.1841407e+000
  3.2866469e+000
  3.0288321e+000
  2.9565385e+000
  2.8611606e+000
  2.7121770e+000
  2.7435218e+000
  2.8652623e+000
  2.9668461e+000
  3.4070045e+000
  3.2554201e+000
  3.1774405e+000
  3.0637911e+000
  2.7694447e+000
  2.8163863e+000
  3.0105202e+000
  3.1908268e+000
  3.6908882e+000
  3.5722217e+000
  3.5510179e+000
  3.2461670e+000
  3.5790502e+000
  3.7684671e+000
  4.2343358e+000
  4.8614335e+000
  5.6388651e+000
  6.2851393e+000
  5.8979101e+000
  5.7434596e+000
  5.3769225e+000
  4.8288467e+000
  5.0215599e+000
  5.3161731e+000
  5.4602505e+000
  4.9216908e+000
  4.2457094e+000
  3.7193720e+000
  3.3082201e+000
  2.7211997e+000
  2.8909680e+000
  2.9019056e+000
  3.1128225e+000
  2.8403831e+000
  2.7627349e+000
  2.6065026e+000
  2.5785950e+000
  2.4772372e+000
  2.5546319e+000
  2.8738713e+000
  3.0783580e+000
  3.1064526e+000
  3.0294237e+000
  2.7748932e+000
  2.7183289e+000
  2.5997292e+000
  2.9438913e+000
  3.5152058e+000
  3.7247883e+000
  4.6085277e+000
  3.2596932e+000
  3.4349358e+000
  3.3725954e+000
  2.9570147e+000
  3.1764836e+000
  3.8408249e+000
  4.0483083e+000
  3.8657884e+000
  3.5095846e+000
  3.0764655e+000
  2.9327721e+000
  2.8344622e+000
  2.8350041e+000
  2.8729358e+000
  2.9646342e+000
  2.9510025e+000
  2.8948174e+000
  2.6035545e+000
  2.6168194e+000
  2.5856342e+000
  2.8619210e+000
  3.1252981e+000
  3.4175453e+000
  3.3284423e+000
  3.1194871e+000
  2.8758526e+000
  2.8066892e+000
  2.8498870e+000
  3.2096654e+000
  4.0279503e+000
  4.3068021e+000
  4.3015458e+000
  4.2324612e+000
  3.9548977e+000
  3.6464734e+000
  3.4840804e+000
  3.4090233e+000
  3.4136479e+000
  3.4285017e+000
  3.3058978e+000
  3.1928921e+000
  2.8437834e+000
  2.8352637e+000
  2.7786731e+000
  2.9437609e+000
  3.3137001e+000
  3.4642125e+000
  3.2151143e+000
  2.8542628e+000
  2.7587243e+000
  2.7243847e+000
  2.7505461e+000
  2.9909838e+000
  3.5179812e+000
  3.6235761e+000
  3.6375376e+000
  3.3533840e+000
  2.8079544e+000
  2.7564267e+000
  2.7913581e+000
  3.0127409e+000
  3.9096680e+000
  4.1953345e+000
  3.9034262e+000
  3.7877951e+000
  3.5796491e+000
  3.4243551e+000
  3.5254594e+000
  3.9792743e+000
  4.5995895e+000
  4.5160407e+000
  4.1882579e+000
  4.1702105e+000
  3.8172744e+000
  3.5040548e+000
  3.2900432e+000
  3.4022675e+000
  3.7113620e+000
  3.8796701e+000
  3.7593531e+000
  3.2034881e+000
  3.1817982e+000
  3.0711457e+000
  2.8935902e+000
  3.3325930e+000
  3.3194313e+000
  3.3734777e+000
  3.3005115e+000
  2.8557647e+000
  2.9113955e+000
  2.7385485e+000
  2.6382176e+000
  2.8334121e+000
  3.0111154e+000
  3.1375302e+000
  3.0700515e+000
  2.8908020e+000
  2.7817002e+000
  2.7281525e+000
  2.5665167e+000
  2.8919087e+000
  2.9786332e+000
  3.0329708e+000
  3.1198359e+000
  3.4344234e+000
  3.6055246e+000
  3.1960776e+000
  3.1514010e+000
  2.9496142e+000
  3.4711520e+000
  3.6453060e+000
  3.7273047e+000
  3.0583237e+000
  2.8280877e+000
  2.6420961e+000
  2.6744181e+000
  2.8318870e+000
  3.1168908e+000
  3.5312004e+000
  3.4414788e+000
  3.2065034e+000
  3.0525425e+000
  2.9096474e+000
  2.8744279e+000
  3.1056181e+000
  3.4600902e+000
