153.000000	5.688
153.041667	5.054
153.083333	4.129
153.125000	3.103
153.166667	2.182
153.208333	1.558
153.250000	1.434
153.291667	1.777
153.333333	2.585
153.375000	3.507
153.416667	4.362
153.458333	4.886
153.500000	5.107
153.541667	4.96
153.583333	4.479
153.625000	3.775
153.666667	3.125
153.708333	2.701
153.750000	2.694
153.791667	3.167
153.833333	4.006
153.875000	4.926
153.916667	5.697
153.958333	6.147
154.000000	6.178
154.041667	5.753
154.083333	4.932
154.125000	3.839
154.166667	2.673
154.208333	1.68
154.250000	1.146
154.291667	1.159
154.333333	1.734
154.375000	2.623
154.416667	3.584
154.458333	4.478
154.500000	5.046
154.541667	5.219
154.583333	4.963
154.625000	4.382
154.666667	3.673
154.708333	3.002
154.750000	2.674
154.791667	2.751
154.833333	3.354
154.875000	4.251
154.916667	5.223
154.958333	5.967
155.000000	6.334
155.041667	6.219
155.083333	5.64
155.125000	4.663
155.166667	3.485
155.208333	2.273
155.250000	1.299
155.291667	0.823
155.333333	0.957
155.375000	1.657
155.416667	2.674
155.458333	3.697
155.500000	4.569
155.541667	5.146
155.583333	5.242
155.625000	4.897
155.666667	4.315
155.708333	3.598
155.750000	3.006
155.791667	2.78
155.833333	2.989
155.875000	3.612
155.916667	4.543
155.958333	5.454
156.000000	6.122
156.041667	6.39
156.083333	6.209
156.125000	5.572
156.166667	4.522
156.208333	3.269
156.250000	2.061
156.291667	1.154
156.333333	0.805
156.375000	1.029
156.416667	1.833
156.458333	2.909
156.500000	3.961
156.541667	4.79
156.583333	5.236
156.625000	5.288
156.666667	4.976
156.708333	4.353
156.750000	3.63
156.791667	3.067
156.833333	2.847
156.875000	3.134
156.916667	3.863
156.958333	4.786
157.000000	5.584
157.041667	6.161
157.083333	6.393
157.125000	6.131
157.166667	5.433
157.208333	4.34
157.250000	3.111
157.291667	1.996
157.333333	1.165
157.375000	0.958
157.416667	1.303
157.458333	2.102
157.500000	3.098
157.541667	4.057
157.583333	4.829
157.625000	5.217
157.666667	5.253
157.708333	4.853
157.750000	4.215
157.791667	3.529
157.833333	3.022
157.875000	2.897
157.916667	3.214
157.958333	3.908
158.000000	4.74
158.041667	5.48
158.083333	5.977
158.125000	6.114
158.166667	5.799
158.208333	5.07
158.250000	4.036
158.291667	2.895
158.333333	1.865
158.375000	1.179
158.416667	1.047
158.458333	1.49
158.500000	2.289
158.541667	3.289
158.583333	4.117
158.625000	4.736
158.666667	5.102
158.708333	5.076
158.750000	4.72
158.791667	4.138
158.833333	3.485
158.875000	3.003
158.916667	2.917
158.958333	3.243
159.000000	3.88
159.041667	4.611
159.083333	5.248
159.125000	5.655
159.166667	5.718
159.208333	5.402
159.250000	4.746
159.291667	3.826
159.333333	2.809
159.375000	1.931
159.416667	1.416
159.458333	1.386
159.500000	1.843
159.541667	2.607
159.583333	3.43
159.625000	4.156
159.666667	4.739
159.708333	5.09
159.750000	5.064
159.791667	4.693
159.833333	4.113
159.875000	3.503
159.916667	3.102
159.958333	3.013
160.000000	3.266
160.041667	3.792
160.083333	4.415
160.125000	4.963
160.166667	5.284
160.208333	5.353
160.250000	5.111
160.291667	4.52
160.333333	3.714
160.375000	2.817
160.416667	2.103
160.458333	1.704
160.500000	1.736
160.541667	2.166
160.583333	2.84
160.625000	3.56
160.666667	4.228
160.708333	4.74
160.750000	5.051
160.791667	5.03
160.833333	4.644
160.875000	4.057
160.916667	3.507
160.958333	3.131
161.000000	3.019
161.041667	3.197
161.083333	3.593
161.125000	4.089
161.166667	4.564
161.208333	4.888
161.250000	4.997
161.291667	4.801
161.333333	4.317
161.375000	3.652
161.416667	2.937
161.458333	2.337
161.500000	2.022
161.541667	2.064
161.583333	2.459
161.625000	3.058
161.666667	3.724
161.708333	4.344
161.750000	4.825
161.791667	5.076
161.833333	5.016
161.875000	4.665
161.916667	4.13
161.958333	3.552
162.000000	3.111
162.041667	2.917
162.083333	3.007
162.125000	3.339
162.166667	3.802
162.208333	4.242
162.250000	4.55
162.291667	4.689
162.333333	4.609
162.375000	4.255
162.416667	3.704
162.458333	3.107
162.500000	2.62
162.541667	2.371
162.583333	2.423
162.625000	2.75
162.666667	3.259
162.708333	3.877
162.750000	4.492
162.791667	4.962
162.833333	5.171
162.875000	5.06
162.916667	4.67
162.958333	4.101
163.000000	3.521
163.041667	3.063
163.083333	2.812
163.125000	2.819
163.166667	3.066
163.208333	3.486
163.250000	3.961
163.291667	4.35
163.333333	4.545
163.375000	4.513
163.416667	4.24
163.458333	3.784
163.500000	3.276
163.541667	2.895
163.583333	2.672
163.625000	2.681
163.666667	3.007
163.708333	3.531
163.750000	4.164
163.791667	4.769
163.833333	5.185
163.875000	5.31
163.916667	5.144
163.958333	4.71
164.000000	4.11
164.041667	3.47
164.083333	2.95
164.125000	2.644
164.166667	2.627
164.208333	2.874
164.250000	3.282
164.291667	3.759
164.333333	4.195
164.375000	4.483
164.416667	4.541
164.458333	4.317
164.500000	3.878
164.541667	3.453
164.583333	3.1
164.625000	2.883
164.666667	2.908
164.708333	3.214
164.750000	3.773
164.791667	4.428
164.833333	4.98
164.875000	5.328
164.916667	5.388
164.958333	5.153
165.000000	4.629
165.041667	3.957
165.083333	3.258
165.125000	2.658
165.166667	2.306
165.208333	2.298
165.250000	2.644
165.291667	3.192
165.333333	3.723
165.375000	4.133
165.416667	4.468
165.458333	4.552
165.500000	4.354
165.541667	4.032
165.583333	3.589
165.625000	3.165
165.666667	2.972
165.708333	3.063
165.750000	3.488
165.791667	4.088
165.833333	4.698
165.875000	5.156
165.916667	5.4
165.958333	5.381
166.000000	5.039
166.041667	4.421
166.083333	3.643
166.125000	2.869
166.166667	2.257
166.208333	1.965
166.250000	2.027
166.291667	2.452
166.333333	3.028
166.375000	3.597
166.416667	4.146
166.458333	4.506
166.500000	4.579
166.541667	4.364
166.583333	3.943
166.625000	3.478
166.666667	3.094
166.708333	2.951
166.750000	3.139
166.791667	3.611
166.833333	4.23
166.875000	4.822
166.916667	5.263
166.958333	5.439
167.000000	5.29
167.041667	4.795
167.083333	4.069
167.125000	3.225
167.166667	2.449
167.208333	1.91
167.250000	1.758
167.291667	1.985
167.333333	2.534
167.375000	3.212
167.416667	3.863
167.458333	4.346
167.500000	4.61
167.541667	4.604
167.583333	4.342
167.625000	3.897
167.666667	3.416
167.708333	3.064
167.750000	3.013
167.791667	3.296
167.833333	3.852
167.875000	4.493
167.916667	5.069
167.958333	5.437
168.000000	5.482
168.041667	5.17
168.083333	4.557
168.125000	3.775
168.166667	2.925
168.208333	2.151
168.250000	1.688
168.291667	1.649
168.333333	2.053
168.375000	2.724
168.416667	3.485
168.458333	4.106
168.500000	4.551
168.541667	4.748
168.583333	4.689
168.625000	4.308
168.666667	3.788
168.708333	3.326
168.750000	3.05
168.791667	3.147
168.833333	3.53
168.875000	4.131
168.916667	4.777
168.958333	5.269
169.000000	5.48
169.041667	5.398
169.083333	4.976
169.125000	4.243
169.166667	3.352
169.208333	2.455
169.250000	1.738
169.291667	1.452
169.333333	1.643
169.375000	2.185
169.416667	2.91
169.458333	3.63
169.500000	4.236
169.541667	4.594
169.583333	4.683
169.625000	4.451
169.666667	4.017
169.708333	3.537
169.750000	3.126
169.791667	3.006
169.833333	3.207
169.875000	3.716
169.916667	4.382
169.958333	5.011
170.000000	5.381
170.041667	5.493
170.083333	5.247
170.125000	4.673
170.166667	3.825
170.208333	2.911
170.250000	1.981
170.291667	1.427
170.333333	1.345
170.375000	1.63
170.416667	2.305
170.458333	3.219
170.500000	3.97
170.541667	4.518
170.583333	4.746
170.625000	4.664
170.666667	4.377
170.708333	3.93
170.750000	3.498
170.791667	3.19
170.833333	3.153
170.875000	3.452
170.916667	4.075
170.958333	4.736
171.000000	5.283
171.041667	5.556
171.083333	5.494
171.125000	5.102
171.166667	4.411
171.208333	3.498
171.250000	2.5
171.291667	1.726
171.333333	1.323
171.375000	1.476
171.416667	2.028
171.458333	2.775
171.500000	3.598
171.541667	4.311
171.583333	4.686
171.625000	4.726
171.666667	4.577
171.708333	4.225
171.750000	3.799
171.791667	3.369
171.833333	3.11
171.875000	3.201
171.916667	3.69
171.958333	4.361
172.000000	5
172.041667	5.399
172.083333	5.53
172.125000	5.312
172.166667	4.785
172.208333	4.021
172.250000	3.081
172.291667	2.186
172.333333	1.568
172.375000	1.419
172.416667	1.712
172.458333	2.378
172.500000	3.191
172.541667	3.971
172.583333	4.456
172.625000	4.697
172.666667	4.723
172.708333	4.49
172.750000	4.092
172.791667	3.612
172.833333	3.219
172.875000	3.104
172.916667	3.354
172.958333	3.907
173.000000	4.571
173.041667	5.125
173.083333	5.423
173.125000	5.396
173.166667	5.074
173.208333	4.48
173.250000	3.661
173.291667	2.762
173.333333	1.994
173.375000	1.651
173.416667	1.676
173.458333	2.077
173.500000	2.765
173.541667	3.591
173.583333	4.213
173.625000	4.592
173.666667	4.754
173.708333	4.651
173.750000	4.368
173.791667	3.935
173.833333	3.487
173.875000	3.166
173.916667	3.194
173.958333	3.531
174.000000	4.066
174.041667	4.644
174.083333	5.102
174.125000	5.292
174.166667	5.19
174.208333	4.794
174.250000	4.107
174.291667	3.287
174.333333	2.482
174.375000	1.836
174.416667	1.641
174.458333	1.893
174.500000	2.439
174.541667	3.186
174.583333	3.812
174.625000	4.314
174.666667	4.659
174.708333	4.756
174.750000	4.635
174.791667	4.293
174.833333	3.818
174.875000	3.335
174.916667	3.102
174.958333	3.222
175.000000	3.635
175.041667	4.178
175.083333	4.668
175.125000	4.995
175.166667	5.08
175.208333	4.914
175.250000	4.474
175.291667	3.828
175.333333	3.092
175.375000	2.387
175.416667	1.842
175.458333	1.816
175.500000	2.159
175.541667	2.845
175.583333	3.49
175.625000	4.03
175.666667	4.485
175.708333	4.734
175.750000	4.765
175.791667	4.575
175.833333	4.162
175.875000	3.631
175.916667	3.214
175.958333	3.068
176.000000	3.218
176.041667	3.6
176.083333	4.078
176.125000	4.487
176.166667	4.688
176.208333	4.74
176.250000	4.561
176.291667	4.167
176.333333	3.619
176.375000	2.933
176.416667	2.313
176.458333	1.977
176.500000	2.05
176.541667	2.538
176.583333	3.105
176.625000	3.643
176.666667	4.193
176.708333	4.581
176.750000	4.833
176.791667	4.835
176.833333	4.56
176.875000	4.058
176.916667	3.527
176.958333	3.139
177.000000	2.983
177.041667	3.123
177.083333	3.451
177.125000	3.855
177.166667	4.225
177.208333	4.48
177.250000	4.543
177.291667	4.43
177.333333	4.082
177.375000	3.509
177.416667	2.933
177.458333	2.469
177.500000	2.236
177.541667	2.417
177.583333	2.819
177.625000	3.325
177.666667	3.948
177.708333	4.478
177.750000	4.845
177.791667	5.029
177.833333	4.905
177.875000	4.519
177.916667	4.025
177.958333	3.483
178.000000	3.043
178.041667	2.819
178.083333	2.87
178.125000	3.193
178.166667	3.627
178.208333	4.028
178.250000	4.245
178.291667	4.356
178.333333	4.286
178.375000	4.027
178.416667	3.573
178.458333	3.052
178.500000	2.616
178.541667	2.487
178.583333	2.646
178.625000	3.019
178.666667	3.608
178.708333	4.203
178.750000	4.688
178.791667	5.095
178.833333	5.225
178.875000	5.048
178.916667	4.598
178.958333	3.961
179.000000	3.304
179.041667	2.775
179.083333	2.511
179.125000	2.556
179.166667	2.874
179.208333	3.299
179.250000	3.721
179.291667	4.086
179.333333	4.351
179.375000	4.401
179.416667	4.143
179.458333	3.715
179.500000	3.176
179.541667	2.814
179.583333	2.671
179.625000	2.801
179.666667	3.22
179.708333	3.795
179.750000	4.406
179.791667	4.961
179.833333	5.337
179.875000	5.39
179.916667	5.127
179.958333	4.544
180.000000	3.785
180.041667	3.027
180.083333	2.458
180.125000	2.152
180.166667	2.146
180.208333	2.442
180.250000	2.935
180.291667	3.517
180.333333	4.039
180.375000	4.346
180.416667	4.397
180.458333	4.203
180.500000	3.799
180.541667	3.325
180.583333	2.947
180.625000	2.745
180.666667	2.837
180.708333	3.289
180.750000	3.963
180.791667	4.634
180.833333	5.196
180.875000	5.52
180.916667	5.538
180.958333	5.218
181.000000	4.561
181.041667	3.704
181.083333	2.801
181.125000	2.063
181.166667	1.644
181.208333	1.676
181.250000	2.108
181.291667	2.785
181.333333	3.488
181.375000	4.098
181.416667	4.491
181.458333	4.598
181.500000	4.427
181.541667	4.028
181.583333	3.533
181.625000	3.079
181.666667	2.855
181.708333	2.976
181.750000	3.47
181.791667	4.211
181.833333	4.976
181.875000	5.585
181.916667	5.864
181.958333	5.759
182.000000	5.299
182.041667	4.52
182.083333	3.571
182.125000	2.601
182.166667	1.781
182.208333	1.336
182.250000	1.403
182.291667	1.919
182.333333	2.707
182.375000	3.559
182.416667	4.294
182.458333	4.754
182.500000	4.874
182.541667	4.663
182.583333	4.199
182.625000	3.622
182.666667	3.109
182.708333	2.871
182.750000	3.027
182.791667	3.592
182.833333	4.402
182.875000	5.19
182.916667	5.819
182.958333	6.125
183.000000	5.979
183.041667	5.415
183.083333	4.508
183.125000	3.395
183.166667	2.284
183.208333	1.448
183.250000	1.043
183.291667	1.19
183.333333	1.813
183.375000	2.714
183.416667	3.639
183.458333	4.432
183.500000	4.928
183.541667	5.033
183.583333	4.781
183.625000	4.226
183.666667	3.59
183.708333	3.055
183.750000	2.819
183.791667	3.051
183.833333	3.674
183.875000	4.558
183.916667	5.399
183.958333	6.009
184.000000	6.255
184.041667	6.088
184.083333	5.439
184.125000	4.392
184.166667	3.18
184.208333	2.034
184.250000	1.183
184.291667	0.846
184.333333	1.089
184.375000	1.808
184.416667	2.812
184.458333	3.821
184.500000	4.628
184.541667	5.102
184.583333	5.184
184.625000	4.821
184.666667	4.215
184.708333	3.507
184.750000	2.911
184.791667	2.726
184.833333	3.019
184.875000	3.719
184.916667	4.658
184.958333	5.508
185.000000	6.079
185.041667	6.284
185.083333	6.036
185.125000	5.316
185.166667	4.218
185.208333	2.961
185.250000	1.798
185.291667	0.939
185.333333	0.653
185.375000	1.078
185.416667	1.964
185.458333	2.999
185.500000	3.999
185.541667	4.761
185.583333	5.163
185.625000	5.167
185.666667	4.78
185.708333	4.095
185.750000	3.328
185.791667	2.752
185.833333	2.589
185.875000	2.963
185.916667	3.761
185.958333	4.707
186.000000	5.507
186.041667	6.047
186.083333	6.211
186.125000	5.902
186.166667	5.113
186.208333	4.001
186.250000	2.739
186.291667	1.62
186.333333	0.921
186.375000	0.809
186.416667	1.332
186.458333	2.251
186.500000	3.3
186.541667	4.276
186.583333	4.973
186.625000	5.289
186.666667	5.187
186.708333	4.701
186.750000	3.986
186.791667	3.241
186.833333	2.712
186.875000	2.626
186.916667	3.019
186.958333	3.777
187.000000	4.674
187.041667	5.459
187.083333	5.965
187.125000	6.056
187.166667	5.68
187.208333	4.855
187.250000	3.749
187.291667	2.614
187.333333	1.675
187.375000	1.131
187.416667	1.156
187.458333	1.731
187.500000	2.67
187.541667	3.696
187.583333	4.579
187.625000	5.166
187.666667	5.383
187.708333	5.186
187.750000	4.642
187.791667	3.899
187.833333	3.146
187.875000	2.677
187.916667	2.655
187.958333	3.095
188.000000	3.846
188.041667	4.634
188.083333	5.263
188.125000	5.632
188.166667	5.632
188.208333	5.275
188.250000	4.501
188.291667	3.513
188.333333	2.47
188.375000	1.628
188.416667	1.25
188.458333	1.438
188.500000	2.08
188.541667	3.019
188.583333	3.949
188.625000	4.694
188.666667	5.155
188.708333	5.286
188.750000	5.042
188.791667	4.484
188.833333	3.73
188.875000	3.032
188.916667	2.612
188.958333	2.626
189.000000	3.024
189.041667	3.707
189.083333	4.432
189.125000	4.987
189.166667	5.258
189.208333	5.225
189.250000	4.826
189.291667	4.102
189.333333	3.194
189.375000	2.355
189.416667	1.733
189.458333	1.526
189.500000	1.868
189.541667	2.651
189.583333	3.495
189.625000	4.253
189.666667	4.872
189.708333	5.192
189.750000	5.252
189.791667	4.988
189.833333	4.459
189.875000	3.711
189.916667	3.031
189.958333	2.639
190.000000	2.639
190.041667	3.032
190.083333	3.643
190.125000	4.221
190.166667	4.638
190.208333	4.844
190.250000	4.796
190.291667	4.496
190.333333	3.984
190.375000	3.245
190.416667	2.554
190.458333	2.116
190.500000	2.062
190.541667	2.468
190.583333	3.123
190.625000	3.811
190.666667	4.451
190.708333	4.93
190.750000	5.21
190.791667	5.216
190.833333	4.886
190.875000	4.306
190.916667	3.619
190.958333	3.021
191.000000	2.693
191.041667	2.712
191.083333	3.043
191.125000	3.5
191.166667	3.952
191.208333	4.292
191.250000	4.498
191.291667	4.543
191.333333	4.358
191.375000	3.939
191.416667	3.358
191.458333	2.827
191.500000	2.513
191.541667	2.57
191.583333	2.927
191.625000	3.486
191.666667	4.052
191.708333	4.602
191.750000	5.01
191.791667	5.255
191.833333	5.215
191.875000	4.869
191.916667	4.268
191.958333	3.607
192.000000	3.041
192.041667	2.725
192.083333	2.732
192.125000	2.968
192.166667	3.313
192.208333	3.662
192.250000	3.988
192.291667	4.253
192.333333	4.353
192.375000	4.222
192.416667	3.888
192.458333	3.451
192.500000	3.05
192.541667	2.947
192.583333	3.033
192.625000	3.304
192.666667	3.785
192.708333	4.244
192.750000	4.696
192.791667	5.051
192.833333	5.217
192.875000	5.135
192.916667	4.747
192.958333	4.172
193.000000	3.526
193.041667	2.987
193.083333	2.659
193.125000	2.581
193.166667	2.718
193.208333	3.002
193.250000	3.373
193.291667	3.743
193.333333	4.004
193.375000	4.176
193.416667	4.155
193.458333	3.964
193.500000	3.659
193.541667	3.38
193.583333	3.207
193.625000	3.196
193.666667	3.483
193.708333	3.884
193.750000	4.351
193.791667	4.773
193.833333	5.057
193.875000	5.16
193.916667	5.043
193.958333	4.659
194.000000	4.075
194.041667	3.408
194.083333	2.827
194.125000	2.44
194.166667	2.329
194.208333	2.508
194.250000	2.809
194.291667	3.207
194.333333	3.666
194.375000	4.032
194.416667	4.266
194.458333	4.286
194.500000	4.114
194.541667	3.862
194.583333	3.557
194.625000	3.326
194.666667	3.377
194.708333	3.598
194.750000	3.992
194.791667	4.471
194.833333	4.907
194.875000	5.172
194.916667	5.279
194.958333	5.094
195.000000	4.643
195.041667	4.003
195.083333	3.308
195.125000	2.682
195.166667	2.286
195.208333	2.201
195.250000	2.369
195.291667	2.736
195.333333	3.205
195.375000	3.709
195.416667	4.196
195.458333	4.46
195.500000	4.483
195.541667	4.302
195.583333	4
195.625000	3.649
195.666667	3.467
195.708333	3.466
195.750000	3.724
195.791667	4.165
195.833333	4.661
195.875000	5.093
195.916667	5.369
195.958333	5.393
196.000000	5.126
196.041667	4.565
196.083333	3.856
196.125000	3.094
196.166667	2.443
196.208333	2.039
196.250000	2.009
196.291667	2.301
196.333333	2.831
196.375000	3.428
196.416667	3.987
196.458333	4.374
196.500000	4.611
196.541667	4.585
196.583333	4.348
196.625000	3.95
196.666667	3.555
196.708333	3.33
196.750000	3.407
196.791667	3.754
196.833333	4.256
196.875000	4.796
196.916667	5.217
196.958333	5.44
197.000000	5.373
197.041667	4.984
197.083333	4.35
197.125000	3.535
197.166667	2.719
197.208333	2.089
197.250000	1.782
197.291667	1.893
197.333333	2.342
197.375000	2.988
197.416667	3.634
197.458333	4.153
197.500000	4.551
197.541667	4.736
197.583333	4.602
197.625000	4.254
197.666667	3.813
197.708333	3.402
197.750000	3.256
197.791667	3.462
197.833333	3.894
197.875000	4.472
197.916667	5.031
197.958333	5.399
198.000000	5.522
198.041667	5.355
198.083333	4.855
198.125000	4.077
198.166667	3.191
198.208333	2.35
198.250000	1.749
198.291667	1.553
198.333333	1.843
198.375000	2.448
198.416667	3.21
198.458333	3.872
198.500000	4.395
198.541667	4.784
198.583333	4.817
198.625000	4.495
198.666667	4.031
198.708333	3.551
198.750000	3.231
198.791667	3.23
198.833333	3.522
198.875000	4.049
198.916667	4.685
198.958333	5.241
199.000000	5.572
199.041667	5.611
199.083333	5.258
199.125000	4.591
199.166667	3.694
199.208333	2.744
199.250000	1.965
199.291667	1.564
199.333333	1.652
199.375000	2.118
199.416667	2.822
199.458333	3.597
199.500000	4.249
199.541667	4.666
199.583333	4.87
199.625000	4.742
199.666667	4.343
199.708333	3.787
199.750000	3.285
199.791667	3.042
199.833333	3.157
199.875000	3.626
199.916667	4.303
199.958333	4.951
200.000000	5.424
200.041667	5.654
200.083333	5.54
200.125000	5.071
200.166667	4.287
200.208333	3.318
200.250000	2.385
200.291667	1.739
200.333333	1.526
200.375000	1.805
200.416667	2.437
200.458333	3.236
200.500000	4.009
200.541667	4.596
200.583333	4.917
200.625000	4.953
200.666667	4.66
200.708333	4.139
200.750000	3.541
200.791667	3.113
200.833333	2.978
200.875000	3.244
200.916667	3.834
200.958333	4.56
201.000000	5.183
201.041667	5.575
201.083333	5.662
201.125000	5.394
201.166667	4.772
201.208333	3.896
201.250000	2.924
201.291667	2.086
201.333333	1.617
201.375000	1.589
201.416667	2.051
201.458333	2.822
201.500000	3.669
201.541667	4.427
201.583333	4.908
201.625000	5.086
201.666667	4.952
201.708333	4.517
201.750000	3.929
201.791667	3.352
201.833333	3.012
201.875000	3.044
201.916667	3.443
201.958333	4.079
202.000000	4.763
202.041667	5.315
202.083333	5.619
202.125000	5.586
202.166667	5.166
202.208333	4.396
202.250000	3.461
202.291667	2.541
202.333333	1.873
202.375000	1.592
202.416667	1.835
202.458333	2.451
202.500000	3.274
202.541667	4.091
202.583333	4.732
202.625000	5.053
202.666667	5.059
202.708333	4.747
202.750000	4.192
202.791667	3.562
202.833333	3.055
202.875000	2.83
202.916667	2.977
202.958333	3.463
203.000000	4.131
203.041667	4.771
203.083333	5.231
203.125000	5.402
203.166667	5.223
203.208333	4.695
203.250000	3.901
203.291667	3.028
203.333333	2.214
203.375000	1.717
203.416667	1.676
203.458333	2.091
203.500000	2.803
203.541667	3.657
203.583333	4.398
203.625000	4.897
203.666667	5.073
203.708333	4.949
203.750000	4.528
203.791667	3.924
203.833333	3.315
203.875000	2.892
203.916667	2.786
203.958333	3.025
204.000000	3.571
204.041667	4.205
204.083333	4.789
204.125000	5.166
204.166667	5.256
204.208333	4.989
204.250000	4.416
204.291667	3.644
204.333333	2.833
204.375000	2.207
204.416667	1.906
204.458333	2.015
204.500000	2.518
204.541667	3.278
204.583333	4.067
204.625000	4.677
204.666667	5.027
204.708333	5.082
204.750000	4.827
204.791667	4.332
204.833333	3.693
204.875000	3.09
204.916667	2.684
204.958333	2.619
205.000000	2.929
205.041667	3.483
205.083333	4.101
205.125000	4.611
205.166667	4.895
205.208333	4.887
205.250000	4.577
205.291667	4.028
205.333333	3.339
205.375000	2.673
205.416667	2.207
205.458333	2.043
205.500000	2.363
205.541667	3.005
205.583333	3.731
205.625000	4.431
205.666667	4.973
205.708333	5.248
205.750000	5.189
205.791667	4.818
205.833333	4.244
205.875000	3.604
205.916667	3.073
205.958333	2.754
206.000000	2.716
206.041667	2.976
206.083333	3.49
206.125000	4.061
206.166667	4.507
206.208333	4.735
206.250000	4.694
206.291667	4.352
206.333333	3.821
206.375000	3.267
206.416667	2.765
206.458333	2.438
206.500000	2.408
206.541667	2.87
206.583333	3.469
206.625000	4.136
206.666667	4.722
206.708333	5.118
206.750000	5.3
206.791667	5.174
206.833333	4.757
206.875000	4.137
206.916667	3.477
206.958333	2.933
207.000000	2.597
207.041667	2.551
207.083333	2.824
207.125000	3.288
207.166667	3.772
207.208333	4.155
207.250000	4.377
207.291667	4.421
207.333333	4.226
207.375000	3.831
207.416667	3.347
207.458333	2.959
207.500000	2.713
207.541667	2.784
207.583333	3.162
207.625000	3.741
207.666667	4.327
207.708333	4.831
207.750000	5.177
207.791667	5.303
207.833333	5.183
207.875000	4.763
207.916667	4.129
207.958333	3.431
208.000000	2.827
208.041667	2.463
208.083333	2.384
208.125000	2.597
208.166667	3.039
208.208333	3.503
208.250000	3.927
208.291667	4.216
208.333333	4.365
208.375000	4.303
208.416667	4.032
208.458333	3.663
208.500000	3.295
208.541667	3.097
208.583333	3.156
208.625000	3.456
208.666667	3.927
208.708333	4.505
208.750000	4.98
208.791667	5.334
208.833333	5.482
208.875000	5.333
208.916667	4.873
208.958333	4.226
209.000000	3.47
209.041667	2.803
209.083333	2.334
209.125000	2.156
209.166667	2.32
209.208333	2.715
209.250000	3.217
209.291667	3.743
209.333333	4.19
209.375000	4.417
209.416667	4.447
209.458333	4.249
209.500000	3.906
209.541667	3.551
209.583333	3.343
209.625000	3.32
209.666667	3.594
209.708333	4.081
209.750000	4.671
209.791667	5.194
209.833333	5.591
209.875000	5.757
209.916667	5.608
209.958333	5.134
210.000000	4.413
210.041667	3.57
210.083333	2.788
210.125000	2.213
210.166667	1.986
210.208333	2.094
210.250000	2.511
210.291667	3.102
210.333333	3.725
210.375000	4.277
210.416667	4.654
210.458333	4.738
210.500000	4.558
210.541667	4.213
210.583333	3.798
210.625000	3.46
210.666667	3.348
210.708333	3.551
210.750000	4.011
210.791667	4.652
210.833333	5.259
210.875000	5.732
210.916667	5.929
210.958333	5.802
211.000000	5.276
211.041667	4.444
211.083333	3.484
211.125000	2.554
211.166667	1.864
211.208333	1.576
211.250000	1.725
211.291667	2.215
211.333333	2.935
211.375000	3.716
211.416667	4.367
211.458333	4.806
211.500000	4.913
211.541667	4.73
211.583333	4.291
211.625000	3.77
211.666667	3.292
211.708333	3.114
211.750000	3.335
211.791667	3.875
211.833333	4.606
211.875000	5.307
211.916667	5.799
211.958333	6.002
212.000000	5.835
212.041667	5.28
212.083333	4.37
212.125000	3.259
212.166667	2.218
212.208333	1.43
212.250000	1.11
212.291667	1.343
212.333333	2.011
212.375000	2.873
212.416667	3.751
212.458333	4.493
212.500000	4.963
212.541667	5.056
212.583333	4.8
212.625000	4.221
212.666667	3.548
212.708333	3.007
212.750000	2.793
212.791667	3.07
212.833333	3.714
212.875000	4.549
212.916667	5.342
212.958333	5.911
213.000000	6.134
213.041667	5.919
213.083333	5.261
213.125000	4.21
213.166667	2.998
213.208333	1.877
213.250000	1.076
213.291667	0.839
213.333333	1.201
213.375000	2.017
213.416667	3.022
213.458333	3.969
213.500000	4.739
213.541667	5.175
213.583333	5.176
213.625000	4.76
213.666667	4.056
213.708333	3.247
213.750000	2.673
213.791667	2.495
213.833333	2.847
213.875000	3.618
213.916667	4.568
213.958333	5.41
214.000000	5.977
214.041667	6.177
214.083333	5.92
214.125000	5.174
214.166667	4.035
214.208333	2.743
214.250000	1.608
214.291667	0.882
214.333333	0.731
214.375000	1.286
214.416667	2.254
214.458333	3.357
214.500000	4.373
214.541667	5.141
214.583333	5.479
214.625000	5.332
214.666667	4.738
214.708333	3.908
214.750000	3.075
214.791667	2.478
214.833333	2.411
214.875000	2.879
214.916667	3.709
214.958333	4.682
215.000000	5.529
215.041667	6.053
215.083333	6.159
215.125000	5.772
215.166667	4.9
215.208333	3.731
215.250000	2.514
215.291667	1.46
215.333333	0.842
215.375000	0.902
215.416667	1.614
215.458333	2.701
215.500000	3.814
215.541667	4.821
215.583333	5.402
215.625000	5.519
215.666667	5.218
215.708333	4.546
215.750000	3.668
215.791667	2.869
215.833333	2.297
215.875000	2.265
215.916667	2.81
215.958333	3.733
216.000000	4.695
216.041667	5.444
216.083333	5.88
216.125000	5.889
216.166667	5.417
216.208333	4.551
216.250000	3.38
216.291667	2.18
216.333333	1.258
216.375000	0.991
216.416667	1.35
216.458333	2.218
216.500000	3.286
216.541667	4.364
216.583333	5.147
216.625000	5.551
216.666667	5.579
216.708333	5.133
216.750000	4.322
216.791667	3.391
216.833333	2.58
216.875000	2.17
216.916667	2.31
216.958333	2.936
217.000000	3.816
217.041667	4.686
217.083333	5.326
217.125000	5.622
217.166667	5.501
217.208333	4.972
217.250000	4.111
217.291667	3.083
217.333333	2.108
217.375000	1.444
217.416667	1.385
217.458333	1.876
217.500000	2.802
217.541667	3.832
217.583333	4.72
217.625000	5.299
217.666667	5.562
217.708333	5.398
217.750000	4.825
217.791667	4.024
217.833333	3.146
217.875000	2.518
217.916667	2.253
217.958333	2.45
218.000000	3.058
218.041667	3.865
218.083333	4.596
218.125000	5.088
218.166667	5.273
218.208333	5.101
218.250000	4.579
218.291667	3.795
218.333333	2.915
218.375000	2.121
218.416667	1.696
218.458333	1.894
218.500000	2.553
218.541667	3.484
218.583333	4.359
218.625000	5.005
218.666667	5.405
218.708333	5.461
218.750000	5.212
218.791667	4.658
218.833333	3.879
218.875000	3.082
218.916667	2.496
218.958333	2.307
219.000000	2.58
219.041667	3.173
219.083333	3.881
219.125000	4.429
219.166667	4.772
219.208333	4.85
219.250000	4.667
219.291667	4.168
219.333333	3.503
219.375000	2.894
219.416667	2.396
219.458333	2.266
219.500000	2.51
219.541667	3.206
219.583333	3.978
219.625000	4.635
219.666667	5.115
219.708333	5.337
219.750000	5.294
219.791667	4.971
219.833333	4.38
219.875000	3.66
219.916667	2.994
219.958333	2.532
220.000000	2.447
220.041667	2.731
220.083333	3.212
220.125000	3.734
220.166667	4.122
220.208333	4.352
220.250000	4.407
220.291667	4.249
220.333333	3.885
220.375000	3.433
220.416667	2.996
220.458333	2.668
220.500000	2.66
220.541667	3.06
220.583333	3.629
220.625000	4.183
220.666667	4.692
220.708333	5.002
220.750000	5.131
220.791667	5.056
220.833333	4.738
220.875000	4.191
220.916667	3.551
220.958333	2.95
221.000000	2.576
221.041667	2.52
221.083333	2.756
221.125000	3.109
221.166667	3.468
221.208333	3.78
221.250000	3.975
221.291667	4.098
221.333333	4.074
221.375000	3.889
221.416667	3.562
221.458333	3.254
221.500000	3.072
221.541667	3.135
221.583333	3.416
221.625000	3.822
221.666667	4.24
221.708333	4.6
221.750000	4.843
221.791667	4.966
221.833333	4.877
221.875000	4.586
221.916667	4.093
221.958333	3.478
222.000000	2.934
222.041667	2.606
222.083333	2.537
222.125000	2.667
222.166667	2.932
222.208333	3.218
222.250000	3.509
222.291667	3.724
222.333333	3.897
222.375000	3.979
222.416667	3.923
222.458333	3.707
222.500000	3.464
222.541667	3.396
222.583333	3.442
222.625000	3.601
222.666667	3.923
222.708333	4.282
222.750000	4.612
222.791667	4.857
222.833333	4.949
222.875000	4.87
222.916667	4.604
222.958333	4.135
223.000000	3.553
223.041667	3.031
223.083333	2.69
223.125000	2.542
223.166667	2.582
223.208333	2.814
223.250000	3.121
223.291667	3.435
223.333333	3.758
223.375000	4.017
223.416667	4.162
223.458333	4.136
223.500000	3.972
223.541667	3.85
223.583333	3.732
223.625000	3.655
223.666667	3.751
223.708333	3.973
223.750000	4.302
223.791667	4.669
223.833333	4.936
223.875000	5.049
223.916667	4.991
223.958333	4.721
224.000000	4.232
224.041667	3.61
224.083333	3.021
224.125000	2.587
224.166667	2.366
224.208333	2.379
224.250000	2.592
224.291667	2.967
224.333333	3.444
224.375000	3.893
224.416667	4.246
224.458333	4.389
224.500000	4.345
224.541667	4.134
224.583333	3.865
224.625000	3.603
224.666667	3.479
224.708333	3.548
224.750000	3.808
224.791667	4.184
224.833333	4.592
224.875000	4.931
224.916667	5.111
224.958333	5.049
225.000000	4.684
225.041667	4.107
225.083333	3.446
225.125000	2.802
225.166667	2.295
225.208333	2.052
225.250000	2.117
225.291667	2.481
225.333333	3.004
225.375000	3.553
225.416667	4.013
225.458333	4.375
225.500000	4.486
225.541667	4.467
225.583333	4.198
225.625000	3.802
225.666667	3.496
225.708333	3.356
225.750000	3.474
225.791667	3.848
225.833333	4.324
225.875000	4.789
225.916667	5.145
225.958333	5.282
226.000000	5.134
226.041667	4.674
226.083333	3.986
226.125000	3.19
226.166667	2.491
226.208333	1.99
226.250000	1.817
226.291667	1.986
226.333333	2.434
226.375000	3.085
226.416667	3.758
226.458333	4.306
226.500000	4.617
226.541667	4.648
226.583333	4.392
226.625000	3.968
226.666667	3.568
226.708333	3.277
226.750000	3.191
226.791667	3.388
226.833333	3.834
226.875000	4.444
226.916667	4.983
226.958333	5.322
227.000000	5.359
227.041667	5.07
227.083333	4.468
227.125000	3.692
227.166667	2.851
227.208333	2.105
227.250000	1.652
227.291667	1.597
227.333333	1.925
227.375000	2.623
227.416667	3.417
227.458333	4.075
227.500000	4.53
227.541667	4.769
227.583333	4.659
227.625000	4.234
227.666667	3.74
227.708333	3.268
227.750000	2.96
227.791667	2.983
227.833333	3.337
227.875000	3.996
227.916667	4.712
227.958333	5.268
228.000000	5.544
228.041667	5.457
228.083333	5.002
228.125000	4.271
228.166667	3.367
228.208333	2.488
228.250000	1.8
228.291667	1.497
228.333333	1.66
228.375000	2.301
228.416667	3.175
228.458333	3.955
228.500000	4.559
228.541667	4.927
228.583333	4.966
228.625000	4.645
228.666667	4.131
228.708333	3.466
228.750000	2.941
228.791667	2.714
228.833333	2.917
228.875000	3.508
228.916667	4.31
228.958333	5.026
229.000000	5.492
229.041667	5.63
229.083333	5.391
229.125000	4.805
229.166667	3.923
229.208333	2.926
229.250000	2.051
229.291667	1.474
229.333333	1.374
229.375000	1.841
229.416667	2.635
229.458333	3.601
229.500000	4.388
229.541667	4.926
229.583333	5.093
229.625000	4.883
229.666667	4.393
229.708333	3.689
229.750000	3.006
229.791667	2.577
229.833333	2.505
229.875000	2.925
229.916667	3.668
229.958333	4.52
230.000000	5.202
230.041667	5.593
230.083333	5.568
230.125000	5.153
230.166667	4.418
230.208333	3.46
230.250000	2.462
230.291667	1.638
230.333333	1.257
230.375000	1.456
230.416667	2.233
230.458333	3.218
230.500000	4.07
230.541667	4.864
230.583333	5.202
230.625000	5.115
230.666667	4.737
230.708333	4.097
230.750000	3.328
230.791667	2.655
230.833333	2.304
230.875000	2.432
230.916667	3.001
230.958333	3.872
231.000000	4.725
231.041667	5.331
231.083333	5.551
231.125000	5.352
231.166667	4.789
231.208333	3.953
231.250000	2.988
231.291667	2.094
231.333333	1.454
231.375000	1.367
231.416667	1.919
231.458333	2.803
231.500000	3.805
231.541667	4.69
231.583333	5.167
231.625000	5.276
231.666667	5.038
231.708333	4.496
231.750000	3.755
231.791667	2.976
231.833333	2.375
231.875000	2.199
231.916667	2.513
231.958333	3.218
232.000000	4.107
232.041667	4.891
232.083333	5.379
232.125000	5.436
232.166667	5.121
232.208333	4.483
232.250000	3.647
232.291667	2.77
232.333333	2.031
232.375000	1.651
232.416667	1.858
232.458333	2.557
232.500000	3.516
232.541667	4.478
232.583333	5.142
232.625000	5.442
232.666667	5.364
232.708333	4.932
232.750000	4.261
232.791667	3.437
232.833333	2.654
232.875000	2.163
232.916667	2.167
232.958333	2.67
233.000000	3.462
233.041667	4.282
233.083333	4.881
233.125000	5.204
233.166667	5.177
233.208333	4.796
233.250000	4.127
233.291667	3.323
233.333333	2.544
233.375000	1.996
233.416667	1.943
233.458333	2.339
233.500000	3.207
233.541667	4.134
233.583333	4.9
233.625000	5.374
233.666667	5.512
233.708333	5.289
233.750000	4.712
233.791667	3.955
233.833333	3.118
233.875000	2.451
233.916667	2.121
233.958333	2.251
234.000000	2.786
234.041667	3.534
234.083333	4.244
234.125000	4.752
234.166667	4.956
234.208333	4.838
234.250000	4.446
234.291667	3.825
234.333333	3.092
234.375000	2.428
234.416667	2.165
234.458333	2.306
234.500000	2.906
234.541667	3.81
234.583333	4.64
234.625000	5.192
234.666667	5.5
234.708333	5.476
234.750000	5.152
234.791667	4.55
234.833333	3.773
234.875000	3.006
234.916667	2.42
234.958333	2.152
235.000000	2.341
235.041667	2.902
235.083333	3.591
235.125000	4.184
235.166667	4.547
235.208333	4.65
235.250000	4.557
235.291667	4.24
235.333333	3.755
235.375000	3.188
235.416667	2.692
235.458333	2.582
235.500000	2.864
235.541667	3.531
235.583333	4.307
235.625000	4.922
235.666667	5.353
235.708333	5.548
235.750000	5.467
235.791667	5.117
235.833333	4.501
235.875000	3.766
235.916667	3.033
235.958333	2.5
236.000000	2.315
236.041667	2.495
236.083333	2.95
236.125000	3.501
236.166667	3.979
236.208333	4.294
236.250000	4.462
236.291667	4.419
236.333333	4.206
236.375000	3.825
236.416667	3.407
236.458333	3.159
236.500000	3.107
236.541667	3.433
236.583333	3.919
236.625000	4.465
236.666667	4.98
236.708333	5.366
236.750000	5.516
236.791667	5.445
236.833333	5.094
236.875000	4.524
236.916667	3.825
236.958333	3.148
237.000000	2.639
237.041667	2.409
237.083333	2.502
237.125000	2.805
237.166667	3.215
237.208333	3.634
237.250000	4.014
237.291667	4.288
237.333333	4.397
237.375000	4.29
237.416667	4.01
237.458333	3.712
237.500000	3.468
237.541667	3.486
237.583333	3.644
237.625000	3.972
237.666667	4.463
237.708333	4.922
237.750000	5.298
237.791667	5.496
237.833333	5.466
237.875000	5.184
237.916667	4.668
237.958333	3.986
238.000000	3.29
238.041667	2.699
238.083333	2.358
238.125000	2.296
238.166667	2.519
238.208333	2.882
238.250000	3.339
238.291667	3.825
238.333333	4.231
238.375000	4.477
238.416667	4.491
238.458333	4.317
238.500000	4.004
238.541667	3.69
238.583333	3.566
238.625000	3.583
238.666667	3.851
238.708333	4.253
238.750000	4.704
238.791667	5.099
238.833333	5.42
238.875000	5.534
238.916667	5.36
238.958333	4.858
239.000000	4.132
239.041667	3.335
239.083333	2.638
239.125000	2.189
239.166667	2.02
239.208333	2.153
239.250000	2.562
239.291667	3.18
239.333333	3.805
239.375000	4.342
239.416667	4.676
239.458333	4.762
239.500000	4.609
239.541667	4.256
239.583333	3.852
239.625000	3.519
239.666667	3.409
239.708333	3.575
239.750000	4.003
239.791667	4.582
239.833333	5.144
239.875000	5.566
239.916667	5.739
239.958333	5.577
240.000000	5.091
240.041667	4.313
240.083333	3.42
240.125000	2.567
240.166667	1.93
240.208333	1.66
240.250000	1.84
240.291667	2.4
240.333333	3.194
240.375000	3.97
240.416667	4.608
240.458333	4.993
240.500000	5.08
240.541667	4.845
240.583333	4.361
240.625000	3.765
240.666667	3.278
240.708333	3.093
240.750000	3.281
240.791667	3.785
240.833333	4.507
240.875000	5.22
240.916667	5.732
240.958333	5.947
241.000000	5.788
241.041667	5.228
241.083333	4.332
241.125000	3.257
241.166667	2.253
241.208333	1.547
241.250000	1.327
241.291667	1.677
241.333333	2.421
241.375000	3.345
241.416667	4.145
241.458333	4.829
241.500000	5.24
241.541667	5.268
241.583333	4.893
241.625000	4.186
241.666667	3.438
241.708333	2.864
241.750000	2.676
241.791667	2.945
241.833333	3.624
241.875000	4.513
241.916667	5.319
241.958333	5.856
242.000000	6.062
242.041667	5.833
242.083333	5.168
242.125000	4.15
242.166667	2.971
242.208333	1.91
242.250000	1.255
242.291667	1.156
242.333333	1.671
242.375000	2.576
242.416667	3.638
242.458333	4.576
242.500000	5.236
242.541667	5.551
242.583333	5.384
242.625000	4.767
242.666667	3.958
242.708333	3.116
242.750000	2.513
242.791667	2.34
242.833333	2.757
242.875000	3.616
242.916667	4.618
242.958333	5.471
243.000000	6.002
243.041667	6.111
243.083333	5.765
243.125000	4.974
243.166667	3.864
243.208333	2.649
243.250000	1.66
243.291667	1.156
243.333333	1.276
243.375000	1.971
243.416667	2.977
243.458333	4.126
243.500000	5.077
243.541667	5.648
243.583333	5.721
243.625000	5.301
243.666667	4.538
243.708333	3.57
243.750000	2.69
243.791667	2.112
243.833333	2.127
243.875000	2.733
243.916667	3.686
243.958333	4.694
244.000000	5.51
244.041667	5.984
244.083333	5.981
244.125000	5.485
244.166667	4.578
244.208333	3.433
244.250000	2.303
244.291667	1.457
244.333333	1.149
244.375000	1.498
244.416667	2.445
244.458333	3.541
244.500000	4.641
244.541667	5.467
244.583333	5.826
244.625000	5.685
244.666667	5.063
244.708333	4.116
244.750000	3.093
244.791667	2.264
244.833333	1.898
244.875000	2.094
244.916667	2.822
244.958333	3.798
245.000000	4.754
245.041667	5.494
245.083333	5.827
245.125000	5.713
245.166667	5.129
245.208333	4.168
245.250000	3.109
245.291667	2.15
245.333333	1.565
245.375000	1.593
245.416667	2.197
245.458333	3.194
245.500000	4.301
245.541667	5.225
245.583333	5.769
245.625000	5.845
245.666667	5.476
245.708333	4.721
245.750000	3.749
245.791667	2.787
245.833333	2.112
245.875000	1.889
245.916667	2.236
245.958333	3.034
246.000000	4.022
246.041667	4.911
246.083333	5.476
246.125000	5.613
246.166667	5.354
246.208333	4.727
246.250000	3.908
246.291667	3.039
246.333333	2.331
246.375000	2.01
246.416667	2.236
246.458333	2.988
246.500000	4
246.541667	4.963
246.583333	5.661
246.625000	5.958
246.666667	5.822
246.708333	5.285
246.750000	4.472
246.791667	3.529
246.833333	2.706
246.875000	2.185
246.916667	2.124
246.958333	2.552
247.000000	3.356
247.041667	4.218
247.083333	4.92
247.125000	5.288
247.166667	5.302
247.208333	4.963
247.250000	4.386
247.291667	3.694
247.333333	3.016
247.375000	2.522
247.416667	2.449
247.458333	2.848
247.500000	3.65
247.541667	4.556
247.583333	5.294
247.625000	5.703
247.666667	5.751
247.708333	5.448
247.750000	4.87
247.791667	4.081
247.833333	3.244
247.875000	2.574
247.916667	2.208
247.958333	2.306
248.000000	2.8
248.041667	3.531
248.083333	4.227
248.125000	4.726
248.166667	4.911
248.208333	4.812
248.250000	4.516
248.291667	4.02
248.333333	3.43
248.375000	2.944
248.416667	2.694
248.458333	2.835
248.500000	3.323
248.541667	4.085
248.583333	4.771
248.625000	5.204
248.666667	5.407
248.708333	5.34
248.750000	5.035
248.791667	4.467
248.833333	3.763
248.875000	3.036
248.916667	2.48
248.958333	2.279
249.000000	2.475
249.041667	2.971
249.083333	3.561
249.125000	4.041
249.166667	4.348
249.208333	4.446
249.250000	4.398
249.291667	4.182
249.333333	3.843
249.375000	3.398
249.416667	3.097
249.458333	2.993
249.500000	3.204
249.541667	3.788
249.583333	4.358
249.625000	4.793
249.666667	5.077
249.708333	5.166
249.750000	5.036
249.791667	4.694
249.833333	4.18
249.875000	3.602
249.916667	3.035
249.958333	2.617
250.000000	2.488
250.041667	2.652
250.083333	3.027
250.125000	3.456
250.166667	3.797
250.208333	4.009
250.250000	4.127
250.291667	4.121
250.333333	3.969
250.375000	3.734
250.416667	3.467
250.458333	3.304
250.500000	3.296
250.541667	3.61
250.583333	3.984
250.625000	4.339
250.666667	4.671
250.708333	4.859
250.750000	4.892
250.791667	4.769
250.833333	4.498
250.875000	4.114
250.916667	3.609
250.958333	3.087
251.000000	2.696
251.041667	2.561
251.083333	2.684
251.125000	2.963
251.166667	3.241
251.208333	3.5
251.250000	3.72
251.291667	3.897
251.333333	3.983
251.375000	3.956
251.416667	3.813
251.458333	3.651
251.500000	3.543
251.541667	3.631
251.583333	3.784
251.625000	3.996
251.666667	4.274
251.708333	4.525
251.750000	4.686
251.791667	4.742
251.833333	4.717
251.875000	4.53
251.916667	4.172
251.958333	3.677
252.000000	3.198
252.041667	2.849
252.083333	2.687
252.125000	2.708
252.166667	2.841
252.208333	3.032
252.250000	3.304
252.291667	3.633
252.333333	3.905
252.375000	4.09
252.416667	4.117
252.458333	3.975
252.500000	3.854
252.541667	3.844
252.583333	3.814
252.625000	3.823
252.666667	3.943
252.708333	4.142
252.750000	4.404
252.791667	4.646
252.833333	4.811
252.875000	4.829
252.916667	4.638
252.958333	4.293
253.000000	3.833
253.041667	3.336
253.083333	2.886
253.125000	2.615
253.166667	2.524
253.208333	2.652
253.250000	2.934
253.291667	3.334
253.333333	3.712
253.375000	4.049
253.416667	4.278
253.458333	4.384
253.500000	4.274
253.541667	4.148
253.583333	3.923
253.625000	3.717
253.666667	3.668
253.708333	3.778
253.750000	4.023
253.791667	4.367
253.833333	4.706
253.875000	4.958
253.916667	5.008
253.958333	4.847
254.000000	4.457
254.041667	3.883
254.083333	3.272
254.125000	2.74
254.166667	2.409
254.208333	2.352
254.250000	2.566
254.291667	3.001
254.333333	3.517
254.375000	4.008
254.416667	4.403
254.458333	4.661
254.500000	4.692
254.541667	4.551
254.583333	4.219
254.625000	3.831
254.666667	3.577
254.708333	3.516
254.750000	3.699
254.791667	4.067
254.833333	4.578
254.875000	5.028
254.916667	5.329
254.958333	5.366
255.000000	5.108
255.041667	4.601
255.083333	3.917
255.125000	3.203
255.166667	2.635
255.208333	2.32
255.250000	2.351
255.291667	2.734
255.333333	3.309
255.375000	3.945
255.416667	4.485
255.458333	4.918
255.500000	5.082
255.541667	4.981
255.583333	4.592
255.625000	4.031
255.666667	3.549
255.708333	3.285
255.750000	3.279
255.791667	3.584
255.833333	4.155
255.875000	4.777
255.916667	5.271
255.958333	5.551
256.000000	5.503
256.041667	5.105
256.083333	4.421
256.125000	3.628
256.166667	2.826
256.208333	2.225
256.250000	1.996
256.291667	2.222
256.333333	2.79
256.375000	3.541
256.416667	4.285
256.458333	4.848
256.500000	5.153
256.541667	5.198
256.583333	4.88
256.625000	4.279
256.666667	3.6
256.708333	3.144
256.750000	2.923
256.791667	3.066
256.833333	3.595
256.875000	4.327
256.916667	5.025
256.958333	5.534
257.000000	5.73
257.041667	5.528
257.083333	4.97
257.125000	4.173
257.166667	3.255
257.208333	2.436
257.250000	1.937
257.291667	1.921
257.333333	2.339
257.375000	3.123
257.416667	4.002
257.458333	4.795
257.500000	5.283
257.541667	5.454
257.583333	5.229
257.625000	4.646
257.666667	3.884
257.708333	3.137
257.750000	2.608
257.791667	2.521
257.833333	2.945
257.875000	3.704
257.916667	4.55
257.958333	5.294
258.000000	5.721
258.041667	5.764
258.083333	5.386
258.125000	4.649
258.166667	3.703
258.208333	2.762
258.250000	2.02
258.291667	1.721
258.333333	1.967
258.375000	2.701
258.416667	3.657
258.458333	4.568
258.500000	5.238
258.541667	5.578
258.583333	5.483
258.625000	4.96
258.666667	4.182
258.708333	3.314
258.750000	2.596
258.791667	2.208
258.833333	2.325
258.875000	2.971
258.916667	3.866
258.958333	4.791
259.000000	5.477
259.041667	5.791
259.083333	5.65
259.125000	5.124
259.166667	4.271
259.208333	3.282
259.250000	2.402
259.291667	1.842
259.333333	1.699
259.375000	2.23
259.416667	3.239
259.458333	4.291
259.500000	5.156
259.541667	5.675
259.583333	5.731
259.625000	5.363
259.666667	4.661
259.708333	3.76
259.750000	2.846
259.791667	2.148
259.833333	1.931
259.875000	2.292
259.916667	3.111
259.958333	4.111
260.000000	5.013
260.041667	5.613
260.083333	5.749
260.125000	5.42
260.166667	4.737
260.208333	3.846
260.250000	2.904
260.291667	2.142
260.333333	1.78
260.375000	2.032
260.416667	2.838
260.458333	3.882
260.500000	4.878
260.541667	5.615
260.583333	5.897
260.625000	5.694
260.666667	5.101
260.708333	4.231
260.750000	3.237
260.791667	2.342
260.833333	1.8
260.875000	1.79
260.916667	2.347
260.958333	3.282
261.000000	4.3
261.041667	5.089
261.083333	5.503
261.125000	5.462
261.166667	5.022
261.208333	4.304
261.250000	3.46
261.291667	2.641
261.333333	2.1
261.375000	2.008
261.416667	2.496
261.458333	3.43
261.500000	4.496
261.541667	5.346
261.583333	5.825
261.625000	5.864
261.666667	5.458
261.708333	4.717
261.750000	3.772
261.791667	2.786
261.833333	1.97
261.875000	1.632
261.916667	1.82
261.958333	2.49
262.000000	3.42
262.041667	4.297
262.083333	4.965
262.125000	5.25
262.166667	5.124
262.208333	4.629
262.250000	3.954
262.291667	3.226
262.333333	2.531
262.375000	2.189
262.416667	2.347
262.458333	3.043
262.500000	4.003
262.541667	4.949
262.583333	5.608
262.625000	5.861
262.666667	5.711
262.708333	5.207
262.750000	4.41
262.791667	3.438
262.833333	2.545
262.875000	1.891
262.916667	1.697
262.958333	2.012
263.000000	2.716
263.041667	3.567
263.083333	4.33
263.125000	4.848
263.166667	5.013
263.208333	4.837
263.250000	4.364
263.291667	3.771
263.333333	3.234
263.375000	2.753
263.416667	2.65
263.458333	2.978
263.500000	3.652
263.541667	4.511
263.583333	5.248
263.625000	5.742
263.666667	5.832
263.708333	5.639
263.750000	5.028
263.791667	4.26
263.833333	3.395
263.875000	2.659
263.916667	2.176
263.958333	2.155
264.000000	2.511
264.041667	3.119
264.083333	3.779
264.125000	4.399
264.166667	4.832
264.208333	5.007
264.250000	4.864
264.291667	4.512
264.333333	4.022
264.375000	3.561
264.416667	3.274
264.458333	3.297
264.500000	3.632
264.541667	4.229
264.583333	4.931
264.625000	5.497
264.666667	5.831
264.708333	5.847
264.750000	5.564
264.791667	5.025
264.833333	4.344
264.875000	3.591
264.916667	2.917
264.958333	2.473
265.000000	2.381
265.041667	2.66
265.083333	3.157
265.125000	3.763
265.166667	4.266
265.208333	4.584
265.250000	4.737
265.291667	4.715
265.333333	4.52
265.375000	4.153
265.416667	3.788
265.458333	3.575
265.500000	3.611
265.541667	3.91
265.583333	4.38
265.625000	4.867
265.666667	5.249
265.708333	5.469
265.750000	5.539
265.791667	5.379
265.833333	4.973
265.875000	4.371
265.916667	3.649
265.958333	2.987
266.000000	2.532
266.041667	2.409
266.083333	2.588
266.125000	2.957
266.166667	3.366
266.208333	3.785
266.250000	4.199
266.291667	4.516
266.333333	4.685
266.375000	4.628
266.416667	4.395
266.458333	4.068
266.500000	3.85
266.541667	3.816
266.583333	3.979
266.625000	4.256
266.666667	4.636
266.708333	4.996
266.750000	5.275
266.791667	5.447
266.833333	5.425
266.875000	5.148
266.916667	4.639
266.958333	3.984
267.000000	3.34
267.041667	2.826
267.083333	2.556
267.125000	2.563
267.166667	2.8
267.208333	3.204
267.250000	3.701
267.291667	4.216
267.333333	4.654
267.375000	4.912
267.416667	4.94
267.458333	4.742
267.500000	4.383
267.541667	4.06
267.583333	3.858
267.625000	3.848
267.666667	4.044
267.708333	4.374
267.750000	4.778
267.791667	5.144
267.833333	5.434
267.875000	5.56
267.916667	5.393
267.958333	4.936
268.000000	4.232
268.041667	3.437
268.083333	2.789
268.125000	2.373
268.166667	2.274
268.208333	2.479
268.250000	2.945
268.291667	3.571
268.333333	4.222
268.375000	4.773
268.416667	5.088
268.458333	5.101
268.500000	4.825
268.541667	4.343
268.583333	3.839
268.625000	3.47
268.666667	3.306
268.708333	3.484
268.750000	3.86
268.791667	4.367
268.833333	4.938
268.875000	5.401
268.916667	5.603
268.958333	5.424
269.000000	4.89
269.041667	4.128
269.083333	3.27
269.125000	2.533
269.166667	2.038
269.208333	1.922
269.250000	2.184
269.291667	2.817
269.333333	3.674
269.375000	4.503
269.416667	5.129
269.458333	5.409
269.500000	5.274
269.541667	4.849
269.583333	4.26
269.625000	3.653
269.666667	3.15
269.708333	2.921
269.750000	3.084
269.791667	3.598
269.833333	4.391
269.875000	5.186
269.916667	5.756
269.958333	5.988
270.000000	5.786
270.041667	5.195
270.083333	4.362
270.125000	3.47
270.166667	2.691
270.208333	2.166
270.250000	2.053
270.291667	2.46
270.333333	3.231
270.375000	4.191
270.416667	5.1
270.458333	5.666
270.500000	5.859
270.541667	5.62
270.583333	4.973
270.625000	4.156
270.666667	3.346
270.708333	2.774
270.750000	2.61
270.791667	2.914
270.833333	3.664
270.875000	4.574
270.916667	5.4
270.958333	5.973
271.000000	6.146
271.041667	5.876
271.083333	5.164
271.125000	4.148
271.166667	3.076
271.208333	2.235
271.250000	1.793
271.291667	1.921
271.333333	2.59
271.375000	3.564
271.416667	4.596
271.458333	5.417
271.500000	5.868
271.541667	5.821
271.583333	5.329
271.625000	4.491
271.666667	3.452
271.708333	2.62
271.750000	2.075
271.791667	2.036
271.833333	2.57
271.875000	3.459
271.916667	4.418
271.958333	5.258
272.000000	5.771
272.041667	5.826
272.083333	5.384
272.125000	4.558
272.166667	3.516
272.208333	2.506
272.250000	1.798
272.291667	1.617
272.333333	2.001
272.375000	2.916
272.416667	4.039
272.458333	5.057
272.500000	5.729
272.541667	5.965
272.583333	5.687
272.625000	5.022
272.666667	4.073
272.708333	3.025
272.750000	2.142
272.791667	1.686
272.833333	1.869
272.875000	2.624
272.916667	3.66
272.958333	4.658
273.000000	5.406
273.041667	5.75
273.083333	5.631
273.125000	5.092
273.166667	4.256
273.208333	3.212
273.250000	2.346
273.291667	1.824
273.333333	1.861
273.375000	2.523
273.416667	3.545
273.458333	4.535
273.500000	5.474
273.541667	5.899
273.583333	5.868
273.625000	5.447
273.666667	4.544
273.708333	3.475
273.750000	2.443
273.791667	1.693
273.833333	1.505
273.875000	1.917
273.916667	2.818
273.958333	3.859
274.000000	4.758
274.041667	5.362
274.083333	5.569
274.125000	5.34
274.166667	4.725
274.208333	3.874
274.250000	2.934
274.291667	2.233
274.333333	2.019
274.375000	2.387
274.416667	3.209
274.458333	4.228
274.500000	5.171
274.541667	5.764
274.583333	5.957
274.625000	5.735
274.666667	5.101
274.708333	4.155
274.750000	3.086
274.791667	2.164
274.833333	1.628
274.875000	1.68
274.916667	2.286
274.958333	3.25
275.000000	4.18
275.041667	4.935
275.083333	5.332
275.125000	5.344
275.166667	5
275.208333	4.356
275.250000	3.571
275.291667	2.848
275.333333	2.403
275.375000	2.416
275.416667	2.936
275.458333	3.767
275.500000	4.689
275.541667	5.427
275.583333	5.771
275.625000	5.746
275.666667	5.303
275.708333	4.531
275.750000	3.589
275.791667	2.633
275.833333	1.921
275.875000	1.628
275.916667	1.897
275.958333	2.588
276.000000	3.449
276.041667	4.3
276.083333	4.84
276.125000	5.11
276.166667	5.022
276.208333	4.61
276.250000	4.038
276.291667	3.456
276.333333	2.981
276.375000	2.8
276.416667	3.005
276.458333	3.608
276.500000	4.408
276.541667	5.159
276.583333	5.686
276.625000	5.836
276.666667	5.578
276.708333	5.02
276.750000	4.252
276.791667	3.426
276.833333	2.673
276.875000	2.148
276.916667	2.047
276.958333	2.387
277.000000	3.045
277.041667	3.796
277.083333	4.445
277.125000	4.829
277.166667	4.958
277.208333	4.812
277.250000	4.479
277.291667	4.006
277.333333	3.559
277.375000	3.281
277.416667	3.248
277.458333	3.562
277.500000	4.16
277.541667	4.817
277.583333	5.347
277.625000	5.628
277.666667	5.595
277.708333	5.293
277.750000	4.738
277.791667	4.022
277.833333	3.299
277.875000	2.706
277.916667	2.378
277.958333	2.437
278.000000	2.824
278.041667	3.41
278.083333	3.995
278.125000	4.447
278.166667	4.691
278.208333	4.747
278.250000	4.631
278.291667	4.377
278.333333	4.063
278.375000	3.777
278.416667	3.598
278.458333	3.663
278.500000	3.987
278.541667	4.506
278.583333	5.05
278.625000	5.42
278.666667	5.495
278.708333	5.311
278.750000	4.969
278.791667	4.519
278.833333	3.985
278.875000	3.447
278.916667	2.945
278.958333	2.701
279.000000	2.77
279.041667	3.17
279.083333	3.672
279.125000	4.123
279.166667	4.425
279.208333	4.593
279.250000	4.668
279.291667	4.641
279.333333	4.511
279.375000	4.278
279.416667	4.071
279.458333	3.983
279.500000	4.096
279.541667	4.407
279.583333	4.761
279.625000	5.093
279.666667	5.273
279.708333	5.276
279.750000	5.152
279.791667	4.909
279.833333	4.532
279.875000	4.085
279.916667	3.606
279.958333	3.191
280.000000	2.994
280.041667	3.055
280.083333	3.313
280.125000	3.637
280.166667	3.969
280.208333	4.213
280.250000	4.42
280.291667	4.566
280.333333	4.632
280.375000	4.545
280.416667	4.357
280.458333	4.178
280.500000	4.109
280.541667	4.181
280.583333	4.364
280.625000	4.595
280.666667	4.799
280.708333	4.923
280.750000	4.965
280.791667	4.953
280.833333	4.815
280.875000	4.509
280.916667	4.05
280.958333	3.56
281.000000	3.192
281.041667	2.995
281.083333	3.006
281.125000	3.151
281.166667	3.38
281.208333	3.638
281.250000	3.92
281.291667	4.226
281.333333	4.48
281.375000	4.606
281.416667	4.543
281.458333	4.35
281.500000	4.154
281.541667	4.056
281.583333	4.059
281.625000	4.133
281.666667	4.275
281.708333	4.441
281.750000	4.631
281.791667	4.798
281.833333	4.887
281.875000	4.795
281.916667	4.502
281.958333	4.091
282.000000	3.661
282.041667	3.263
282.083333	2.996
282.125000	2.898
282.166667	2.963
282.208333	3.181
282.250000	3.569
282.291667	4.018
282.333333	4.4
282.375000	4.667
282.416667	4.732
282.458333	4.63
282.500000	4.447
282.541667	4.271
282.583333	4.078
282.625000	3.942
282.666667	3.878
282.708333	4.044
282.750000	4.281
282.791667	4.603
282.833333	4.893
282.875000	5.025
282.916667	4.96
282.958333	4.657
283.000000	4.2
283.041667	3.656
283.083333	3.16
283.125000	2.805
283.166667	2.659
283.208333	2.776
283.250000	3.139
283.291667	3.669
283.333333	4.206
283.375000	4.655
283.416667	4.921
283.458333	4.968
283.500000	4.777
283.541667	4.427
283.583333	4.003
283.625000	3.668
283.666667	3.494
283.708333	3.508
283.750000	3.758
283.791667	4.176
283.833333	4.648
283.875000	5.027
283.916667	5.174
283.958333	5.055
284.000000	4.704
284.041667	4.135
284.083333	3.499
284.125000	2.913
284.166667	2.512
284.208333	2.426
284.250000	2.689
284.291667	3.216
284.333333	3.898
284.375000	4.532
284.416667	4.979
284.458333	5.16
284.500000	5.074
284.541667	4.702
284.583333	4.155
284.625000	3.572
284.666667	3.118
284.708333	2.935
284.750000	3.061
284.791667	3.497
284.833333	4.106
284.875000	4.713
284.916667	5.146
284.958333	5.283
285.000000	5.075
285.041667	4.581
285.083333	3.89
285.125000	3.153
285.166667	2.545
285.208333	2.19
285.250000	2.24
285.291667	2.691
285.333333	3.445
285.375000	4.267
285.416667	4.899
285.458333	5.29
285.500000	5.311
285.541667	4.995
285.583333	4.428
285.625000	3.708
285.666667	3.022
285.708333	2.533
285.750000	2.471
285.791667	2.824
285.833333	3.485
285.875000	4.303
285.916667	5.017
285.958333	5.435
286.000000	5.492
286.041667	5.141
286.083333	4.494
286.125000	3.702
286.166667	2.874
286.208333	2.292
286.250000	2.062
286.291667	2.332
286.333333	3.049
286.375000	3.997
286.416667	4.871
286.458333	5.424
286.500000	5.671
286.541667	5.495
286.583333	4.98
286.625000	4.22
286.666667	3.326
286.708333	2.597
286.750000	2.199
286.791667	2.312
286.833333	2.934
286.875000	3.832
286.916667	4.739
286.958333	5.405
287.000000	5.688
287.041667	5.592
287.083333	5.096
287.125000	4.283
287.166667	3.346
287.208333	2.498
287.250000	1.96
287.291667	1.994
287.333333	2.59
287.375000	3.538
287.416667	4.547
287.458333	5.338
287.500000	5.755
287.541667	5.77
287.583333	5.329
287.625000	4.539
287.666667	3.526
287.708333	2.534
287.750000	1.796
287.791667	1.577
287.833333	1.964
287.875000	2.822
287.916667	3.853
287.958333	4.771
288.000000	5.369
288.041667	5.568
288.083333	5.332
288.125000	4.707
288.166667	3.841
288.208333	2.925
288.250000	2.215
288.291667	1.949
288.333333	2.304
288.375000	3.124
288.416667	4.156
288.458333	5.122
288.500000	5.771
288.541667	5.996
288.583333	5.745
288.625000	5.056
288.666667	4.06
288.708333	2.914
288.750000	1.923
288.791667	1.328
288.833333	1.364
288.875000	2.015
288.916667	3.013
288.958333	4.072
289.000000	4.933
289.041667	5.425
289.083333	5.492
289.125000	5.125
289.166667	4.425
289.208333	3.547
289.250000	2.723
289.291667	2.177
289.333333	2.167
289.375000	2.754
289.416667	3.707
289.458333	4.752
289.500000	5.605
289.541667	6.113
289.583333	6.066
289.625000	5.587
289.666667	4.704
289.708333	3.657
289.750000	2.484
289.791667	1.614
289.833333	1.211
289.875000	1.493
289.916667	2.296
289.958333	3.33
290.000000	4.337
290.041667	5.122
290.083333	5.453
290.125000	5.384
290.166667	4.935
290.208333	4.234
290.250000	3.427
290.291667	2.731
290.333333	2.403
290.375000	2.6
290.416667	3.33
290.458333	4.31
290.500000	5.3
290.541667	5.998
290.583333	6.235
290.625000	5.998
290.666667	5.303
290.708333	4.332
290.750000	3.217
290.791667	2.162
290.833333	1.397
290.875000	1.193
290.916667	1.613
290.958333	2.495
291.000000	3.532
291.041667	4.449
291.083333	5.061
291.125000	5.254
291.166667	5.117
291.208333	4.651
291.250000	4.003
291.291667	3.308
291.333333	2.791
291.375000	2.646
291.416667	2.987
291.458333	3.815
291.500000	4.814
291.541667	5.631
291.583333	6.102
291.625000	6.124
291.666667	5.755
291.708333	5.017
291.750000	4.058
291.791667	3.002
291.833333	2.061
291.875000	1.469
291.916667	1.426
291.958333	1.905
292.000000	2.725
292.041667	3.616
292.083333	4.372
292.125000	4.852
292.166667	5.005
292.208333	4.85
292.250000	4.422
292.291667	3.865
292.333333	3.314
292.375000	2.913
292.416667	2.933
292.458333	3.368
292.500000	4.133
292.541667	4.968
292.583333	5.534
292.625000	5.78
292.666667	5.718
292.708333	5.345
292.750000	4.633
292.791667	3.795
292.833333	2.814
292.875000	2.029
292.916667	1.564
292.958333	1.608
293.000000	2.101
293.041667	2.788
293.083333	3.54
293.125000	4.142
293.166667	4.499
293.208333	4.664
293.250000	4.585
293.291667	4.275
293.333333	3.868
293.375000	3.428
293.416667	3.165
293.458333	3.264
293.500000	3.688
293.541667	4.299
293.583333	4.901
293.625000	5.333
293.666667	5.518
293.708333	5.432
293.750000	5.09
293.791667	4.539
293.833333	3.828
293.875000	3.033
293.916667	2.339
293.958333	1.932
294.000000	1.951
294.041667	2.318
294.083333	2.869
294.125000	3.441
294.166667	3.915
294.208333	4.27
294.250000	4.51
294.291667	4.553
294.333333	4.369
294.375000	3.97
294.416667	3.59
294.458333	3.344
294.500000	3.374
294.541667	3.707
294.583333	4.178
294.625000	4.615
294.666667	4.943
294.708333	5.1
294.750000	5.105
294.791667	4.946
294.833333	4.541
294.875000	3.922
294.916667	3.215
294.958333	2.599
295.000000	2.212
295.041667	2.161
295.083333	2.436
295.125000	2.856
295.166667	3.32
295.208333	3.765
295.250000	4.189
295.291667	4.538
295.333333	4.714
295.375000	4.634
295.416667	4.296
295.458333	3.889
295.500000	3.582
295.541667	3.539
295.583333	3.753
295.625000	4.011
295.666667	4.32
295.708333	4.575
295.750000	4.787
295.791667	4.958
295.833333	4.96
295.875000	4.696
295.916667	4.162
295.958333	3.467
296.000000	2.77
296.041667	2.332
296.083333	2.191
296.125000	2.342
296.166667	2.668
296.208333	3.115
296.250000	3.622
296.291667	4.145
296.333333	4.622
296.375000	4.839
296.416667	4.745
296.458333	4.391
296.500000	3.93
296.541667	3.602
296.583333	3.425
296.625000	3.418
296.666667	3.471
296.708333	3.808
296.750000	4.185
296.791667	4.587
296.833333	4.915
296.875000	5.024
296.916667	4.787
296.958333	4.275
297.000000	3.576
297.041667	2.911
297.083333	2.4
297.125000	2.161
297.166667	2.185
297.208333	2.531
297.250000	3.097
297.291667	3.787
297.333333	4.489
297.375000	4.979
297.416667	5.175
297.458333	4.979
297.500000	4.571
297.541667	4.022
297.583333	3.463
297.625000	3.084
297.666667	2.968
297.708333	3.107
297.750000	3.524
297.791667	4.131
297.833333	4.743
297.875000	5.183
297.916667	5.351
297.958333	5.17
298.000000	4.655
298.041667	3.94
298.083333	3.208
298.125000	2.601
298.166667	2.291
298.208333	2.359
298.250000	2.802
298.291667	3.538
298.333333	4.387
298.375000	5.097
298.416667	5.533
298.458333	5.596
298.500000	5.292
298.541667	4.758
298.583333	4.023
298.625000	3.312
298.666667	2.741
298.708333	2.547
298.750000	2.78
298.791667	3.368
298.833333	4.102
298.875000	4.791
298.916667	5.241
298.958333	5.365
299.000000	5.142
299.041667	4.565
299.083333	3.761
299.125000	2.953
299.166667	2.316
299.208333	2.017
299.250000	2.201
299.291667	2.868
299.333333	3.762
299.375000	4.63
299.416667	5.294
299.458333	5.619
299.500000	5.573
299.541667	5.135
299.583333	4.37
299.625000	3.463
299.666667	2.629
299.708333	2.044
299.750000	1.994
299.791667	2.457
299.833333	3.22
299.875000	4.093
299.916667	4.851
299.958333	5.28
300.000000	5.347
300.041667	5.08
300.083333	4.44
300.125000	3.601
300.166667	2.817
300.208333	2.22
300.250000	2.073
300.291667	2.517
300.333333	3.377
300.375000	4.343
300.416667	5.201
300.458333	5.729
300.500000	5.909
300.541667	5.649
300.583333	5.03
300.625000	4.098
300.666667	3.105
300.708333	2.29
300.750000	1.845
300.791667	1.955
300.833333	2.569
300.875000	3.489
300.916667	4.444
300.958333	5.186
301.000000	5.508
301.041667	5.481
301.083333	5.069
301.125000	4.38
301.166667	3.559
301.208333	2.801
301.250000	2.372
301.291667	2.458
301.333333	3.054
301.375000	3.981
301.416667	4.946
301.458333	5.665
301.500000	6.059
301.541667	6.004
301.583333	5.514
301.625000	4.664
301.666667	3.624
301.708333	2.599
301.750000	1.854
301.791667	1.667
301.833333	2.049
301.875000	2.875
301.916667	3.871
301.958333	4.768
302.000000	5.37
302.041667	5.625
302.083333	5.491
302.125000	4.98
302.166667	4.234
302.208333	3.409
302.250000	2.782
302.291667	2.595
302.333333	2.944
302.375000	3.719
302.416667	4.666
302.458333	5.5
302.500000	6.08
302.541667	6.275
302.583333	6.05
302.625000	5.406
302.666667	4.446
302.708333	3.398
302.750000	2.498
302.791667	2.001
302.833333	2.067
302.875000	2.635
302.916667	3.49
302.958333	4.438
303.000000	5.259
303.041667	5.759
303.083333	5.873
303.125000	5.569
303.166667	4.961
303.208333	4.209
303.250000	3.523
303.291667	3.101
303.333333	3.133
303.375000	3.662
303.416667	4.465
303.458333	5.295
303.500000	5.94
303.541667	6.271
303.583333	6.211
303.625000	5.733
303.666667	4.89
303.708333	3.832
303.750000	2.777
303.791667	2.003
303.833333	1.695
303.875000	1.96
303.916667	2.676
303.958333	3.591
304.000000	4.443
304.041667	5.071
304.083333	5.408
304.125000	5.398
304.166667	5.032
304.208333	4.427
304.250000	3.768
304.291667	3.234
304.333333	3.043
304.375000	3.291
304.416667	3.917
304.458333	4.685
304.500000	5.426
304.541667	5.931
304.583333	6.064
304.625000	5.777
304.666667	5.121
304.708333	4.197
304.750000	3.201
304.791667	2.339
304.833333	1.811
304.875000	1.729
304.916667	2.159
304.958333	2.904
305.000000	3.734
305.041667	4.467
305.083333	4.946
305.125000	5.113
305.166667	4.976
305.208333	4.578
305.250000	4.043
305.291667	3.484
305.333333	3.136
305.375000	3.166
305.416667	3.544
305.458333	4.208
305.500000	4.92
305.541667	5.493
305.583333	5.802
305.625000	5.751
305.666667	5.332
305.708333	4.657
305.750000	3.83
305.791667	2.989
305.833333	2.318
305.875000	1.975
305.916667	2.088
305.958333	2.604
306.000000	3.365
306.041667	4.127
306.083333	4.735
306.125000	5.04
306.166667	5.079
306.208333	4.871
306.250000	4.509
306.291667	4.118
306.333333	3.763
306.375000	3.601
306.416667	3.711
306.458333	4.109
306.500000	4.721
306.541667	5.326
306.583333	5.711
306.625000	5.79
306.666667	5.541
306.708333	5.033
306.750000	4.347
306.791667	3.635
306.833333	2.943
306.875000	2.416
306.916667	2.235
306.958333	2.455
307.000000	2.984
307.041667	3.651
307.083333	4.245
307.125000	4.609
307.166667	4.789
307.208333	4.758
307.250000	4.567
307.291667	4.291
307.333333	3.991
307.375000	3.735
307.416667	3.637
307.458333	3.771
307.500000	4.201
307.541667	4.718
307.583333	5.193
307.625000	5.39
307.666667	5.367
307.708333	5.08
307.750000	4.629
307.791667	4.174
307.833333	3.631
307.875000	3.085
307.916667	2.693
307.958333	2.608
308.000000	2.872
308.041667	3.452
308.083333	4.14
308.125000	4.544
308.166667	4.738
308.208333	4.746
308.250000	4.742
308.291667	4.736
308.333333	4.632
308.375000	4.416
308.416667	4.183
308.458333	4.032
308.500000	4.174
308.541667	4.575
308.583333	5.021
308.625000	5.306
308.666667	5.345
308.708333	5.151
308.750000	4.851
308.791667	4.517
308.833333	4.094
308.875000	3.596
308.916667	3.094
308.958333	2.748
309.000000	2.668
309.041667	2.914
309.083333	3.381
309.125000	3.855
309.166667	4.179
309.208333	4.384
309.250000	4.504
309.291667	4.571
309.333333	4.531
309.375000	4.378
309.416667	4.148
309.458333	3.92
309.500000	3.913
309.541667	4.037
309.583333	4.331
309.625000	4.621
309.666667	4.803
309.708333	4.837
309.750000	4.77
309.791667	4.603
309.833333	4.325
309.875000	3.919
309.916667	3.461
309.958333	3.018
310.000000	2.753
310.041667	2.739
310.083333	2.953
310.125000	3.281
310.166667	3.643
310.208333	3.956
310.250000	4.23
310.291667	4.448
310.333333	4.553
310.375000	4.516
310.416667	4.316
310.458333	4.045
310.500000	3.828
310.541667	3.741
310.583333	3.809
310.625000	3.991
310.666667	4.188
310.708333	4.344
310.750000	4.452
310.791667	4.483
310.833333	4.415
310.875000	4.19
310.916667	3.81
310.958333	3.346
311.000000	2.894
311.041667	2.625
311.083333	2.569
311.125000	2.727
311.166667	3.027
311.208333	3.415
311.250000	3.807
311.291667	4.177
311.333333	4.437
311.375000	4.542
311.416667	4.445
311.458333	4.185
311.500000	3.847
311.541667	3.556
311.583333	3.396
311.625000	3.395
311.666667	3.52
311.708333	3.752
311.750000	4.017
311.791667	4.274
311.833333	4.446
311.875000	4.455
311.916667	4.244
311.958333	3.842
312.000000	3.343
312.041667	2.888
312.083333	2.617
312.125000	2.56
312.166667	2.711
312.208333	3.038
312.250000	3.491
312.291667	4.017
312.333333	4.498
312.375000	4.849
312.416667	4.901
312.458333	4.658
312.500000	4.256
312.541667	3.79
312.583333	3.411
312.625000	3.202
312.666667	3.158
312.708333	3.318
312.750000	3.652
312.791667	4.085
312.833333	4.503
312.875000	4.773
312.916667	4.831
312.958333	4.582
313.000000	4.082
313.041667	3.492
313.083333	2.967
313.125000	2.633
313.166667	2.583
313.208333	2.832
313.250000	3.305
313.291667	3.9
313.333333	4.517
313.375000	4.994
313.416667	5.229
313.458333	5.145
313.500000	4.796
313.541667	4.219
313.583333	3.573
313.625000	3.013
313.666667	2.686
313.708333	2.658
313.750000	2.974
313.791667	3.521
313.833333	4.104
313.875000	4.598
313.916667	4.868
313.958333	4.821
314.000000	4.477
314.041667	3.921
314.083333	3.269
314.125000	2.698
314.166667	2.345
314.208333	2.334
314.250000	2.72
314.291667	3.404
314.333333	4.194
314.375000	4.915
314.416667	5.35
314.458333	5.415
314.500000	5.119
314.541667	4.553
314.583333	3.8
314.625000	3.009
314.666667	2.36
314.708333	2.058
314.750000	2.187
314.791667	2.74
314.833333	3.486
314.875000	4.265
314.916667	4.809
314.958333	5.076
315.000000	4.987
315.041667	4.581
315.083333	3.946
315.125000	3.247
315.166667	2.629
315.208333	2.34
315.250000	2.516
315.291667	3.128
315.333333	3.966
315.375000	4.801
315.416667	5.435
315.458333	5.758
315.500000	5.631
315.541667	5.146
315.583333	4.352
315.625000	3.36
315.666667	2.481
315.708333	1.835
315.750000	1.7
315.791667	2.09
315.833333	2.86
315.875000	3.736
315.916667	4.534
315.958333	5.069
316.000000	5.276
316.041667	5.099
316.083333	4.567
316.125000	3.839
316.166667	3.049
316.208333	2.495
316.250000	2.386
316.291667	2.809
316.333333	3.593
316.375000	4.522
316.416667	5.358
316.458333	5.922
316.500000	6.04
316.541667	5.712
316.583333	4.979
316.625000	3.97
316.666667	2.871
316.708333	1.907
316.750000	1.346
316.791667	1.379
316.833333	1.977
316.875000	2.943
316.916667	3.961
316.958333	4.803
317.000000	5.302
317.041667	5.41
317.083333	5.116
317.125000	4.531
317.166667	3.76
317.208333	3.044
317.250000	2.594
317.291667	2.663
317.333333	3.27
317.375000	4.22
317.416667	5.228
317.458333	6.002
317.500000	6.376
317.541667	6.286
317.583333	5.763
317.625000	4.841
317.666667	3.698
317.708333	2.541
317.750000	1.613
317.791667	1.2
317.833333	1.453
317.875000	2.266
317.916667	3.318
317.958333	4.334
318.000000	5.107
318.041667	5.534
318.083333	5.566
318.125000	5.192
318.166667	4.5
318.208333	3.694
318.250000	3.002
318.291667	2.712
318.333333	3.013
318.375000	3.805
318.416667	4.796
318.458333	5.698
318.500000	6.299
318.541667	6.536
318.583333	6.332
318.625000	5.658
318.666667	4.586
318.708333	3.315
318.750000	2.122
318.791667	1.323
318.833333	1.131
318.875000	1.582
318.916667	2.478
318.958333	3.526
319.000000	4.468
319.041667	5.203
319.083333	5.562
319.125000	5.544
319.166667	5.097
319.208333	4.382
319.250000	3.596
319.291667	3.061
319.333333	2.984
319.375000	3.425
319.416667	4.23
319.458333	5.155
319.500000	5.989
319.541667	6.549
319.583333	6.637
319.625000	6.233
319.666667	5.426
319.708333	4.293
319.750000	3.059
319.791667	2.016
319.833333	1.358
319.875000	1.284
319.916667	1.823
319.958333	2.707
320.000000	3.742
320.041667	4.66
320.083333	5.316
320.125000	5.566
320.166667	5.436
320.208333	4.96
320.250000	4.282
320.291667	3.631
320.333333	3.242
320.375000	3.273
320.416667	3.742
320.458333	4.516
320.500000	5.371
320.541667	6.094
320.583333	6.495
320.625000	6.464
320.666667	5.983
320.708333	5.1
320.750000	4.005
320.791667	2.896
320.833333	2.02
320.875000	1.536
320.916667	1.574
320.958333	2.101
321.000000	2.937
321.041667	3.88
321.083333	4.678
321.125000	5.226
321.166667	5.418
321.208333	5.258
321.250000	4.8
321.291667	4.182
321.333333	3.639
321.375000	3.362
321.416667	3.436
321.458333	3.867
321.500000	4.568
321.541667	5.301
321.583333	5.854
321.625000	6.114
321.666667	6.051
321.708333	5.605
321.750000	4.804
321.791667	3.812
321.833333	2.808
321.875000	2.039
321.916667	1.665
321.958333	1.768
322.000000	2.283
322.041667	3.042
322.083333	3.833
322.125000	4.466
322.166667	4.899
322.208333	5.083
322.250000	4.985
322.291667	4.611
322.333333	4.099
322.375000	3.608
322.416667	3.373
322.458333	3.422
322.500000	3.805
322.541667	4.374
322.583333	4.97
322.625000	5.458
322.666667	5.647
322.708333	5.565
322.750000	5.17
322.791667	4.515
322.833333	3.705
322.875000	2.871
322.916667	2.212
322.958333	1.893
323.000000	1.974
323.041667	2.411
323.083333	3.077
323.125000	3.75
323.166667	4.353
323.208333	4.773
323.250000	4.993
323.291667	4.923
323.333333	4.61
323.375000	4.188
323.416667	3.765
323.458333	3.506
323.500000	3.536
323.541667	3.811
323.583333	4.275
323.625000	4.697
323.666667	5.02
323.708333	5.183
323.750000	5.197
323.791667	4.963
323.833333	4.437
323.875000	3.72
323.916667	2.996
323.958333	2.39
324.000000	2.056
324.041667	2.14
324.083333	2.507
324.125000	3.067
324.166667	3.668
324.208333	4.198
324.250000	4.664
324.291667	4.91
324.333333	4.945
324.375000	4.693
324.416667	4.306
324.458333	3.83
324.500000	3.43
324.541667	3.387
324.583333	3.55
324.625000	3.928
324.666667	4.393
324.708333	4.69
324.750000	4.882
324.791667	4.968
324.833333	4.827
324.875000	4.457
324.916667	3.857
324.958333	3.193
325.000000	2.593
325.041667	2.265
325.083333	2.27
325.125000	2.56
325.166667	3.096
325.208333	3.751
325.250000	4.335
325.291667	4.835
325.333333	5.092
325.375000	5.103
325.416667	4.81
325.458333	4.325
325.500000	3.752
325.541667	3.263
325.583333	3.05
325.625000	3.097
325.666667	3.379
325.708333	3.762
325.750000	4.194
325.791667	4.57
325.833333	4.794
325.875000	4.797
325.916667	4.513
325.958333	3.976
326.000000	3.366
326.041667	2.802
326.083333	2.462
326.125000	2.406
326.166667	2.682
326.208333	3.194
326.250000	3.846
326.291667	4.518
326.333333	5.067
326.375000	5.354
326.416667	5.276
326.458333	4.837
326.500000	4.22
326.541667	3.566
326.583333	3.013
326.625000	2.652
326.666667	2.596
326.708333	2.858
326.750000	3.301
326.791667	3.877
326.833333	4.408
326.875000	4.719
326.916667	4.715
326.958333	4.476
327.000000	4
327.041667	3.419
327.083333	2.841
327.125000	2.471
327.166667	2.399
327.208333	2.686
327.250000	3.321
327.291667	4.1
327.333333	4.83
327.375000	5.337
327.416667	5.511
327.458333	5.329
327.500000	4.839
327.541667	4.13
327.583333	3.384
327.625000	2.718
327.666667	2.294
327.708333	2.244
327.750000	2.597
327.791667	3.244
327.833333	3.955
327.875000	4.536
327.916667	4.903
327.958333	4.917
328.000000	4.653
328.041667	4.184
328.083333	3.616
328.125000	3.085
328.166667	2.729
328.208333	2.744
328.250000	3.134
328.291667	3.851
328.333333	4.671
328.375000	5.345
328.416667	5.797
328.458333	5.849
328.500000	5.504
328.541667	4.873
328.583333	4.05
328.625000	3.204
328.666667	2.517
328.708333	2.168
328.750000	2.235
328.791667	2.768
328.833333	3.538
328.875000	4.321
328.916667	4.91
328.958333	5.266
329.000000	5.293
329.041667	4.992
329.083333	4.462
329.125000	3.826
329.166667	3.25
329.208333	2.978
329.250000	3.087
329.291667	3.608
329.333333	4.379
329.375000	5.15
329.416667	5.733
329.458333	5.996
329.500000	5.894
329.541667	5.428
329.583333	4.65
329.625000	3.708
329.666667	2.769
329.708333	2.071
329.750000	1.854
329.791667	2.132
329.833333	2.798
329.875000	3.617
329.916667	4.37
329.958333	4.927
330.000000	5.197
330.041667	5.16
330.083333	4.847
330.125000	4.271
330.166667	3.616
330.208333	3.099
330.250000	2.942
330.291667	3.275
330.333333	3.96
330.375000	4.747
330.416667	5.424
330.458333	5.851
330.500000	5.986
330.541667	5.744
330.583333	5.118
330.625000	4.192
330.666667	3.143
330.708333	2.218
330.750000	1.669
330.791667	1.658
330.833333	2.146
330.875000	2.923
330.916667	3.767
330.958333	4.473
331.000000	4.956
331.041667	5.151
331.083333	5.013
331.125000	4.585
331.166667	3.973
331.208333	3.349
331.250000	2.952
331.291667	2.998
331.333333	3.451
331.375000	4.174
331.416667	4.997
331.458333	5.57
331.500000	5.806
331.541667	5.732
331.583333	5.285
331.625000	4.539
331.666667	3.545
331.708333	2.511
331.750000	1.71
331.791667	1.381
331.833333	1.599
331.875000	2.212
331.916667	3.086
331.958333	3.914
332.000000	4.543
332.041667	4.954
332.083333	5.055
332.125000	4.801
332.166667	4.269
332.208333	3.654
332.250000	3.138
332.291667	2.938
332.333333	3.138
332.375000	3.738
332.416667	4.527
332.458333	5.225
332.500000	5.642
332.541667	5.755
332.583333	5.532
332.625000	4.97
332.666667	4.064
332.708333	3.064
332.750000	2.125
332.791667	1.489
332.833333	1.417
332.875000	1.862
332.916667	2.63
332.958333	3.481
333.000000	4.227
333.041667	4.777
333.083333	5.077
333.125000	5.064
333.166667	4.709
333.208333	4.166
333.250000	3.609
333.291667	3.201
333.333333	3.182
333.375000	3.588
333.416667	4.241
333.458333	4.921
333.500000	5.473
333.541667	5.75
333.583333	5.778
333.625000	5.381
333.666667	4.644
333.708333	3.692
333.750000	2.704
333.791667	1.92
333.833333	1.509
333.875000	1.62
333.916667	2.183
333.958333	2.933
334.000000	3.719
334.041667	4.376
334.083333	4.773
334.125000	4.924
334.166667	4.768
334.208333	4.343
334.250000	3.793
334.291667	3.357
334.333333	3.163
334.375000	3.318
334.416667	3.765
334.458333	4.422
334.500000	5.069
334.541667	5.505
334.583333	5.667
334.625000	5.467
334.666667	4.926
334.708333	4.132
334.750000	3.231
334.791667	2.396
334.833333	1.816
334.875000	1.623
334.916667	1.874
334.958333	2.493
335.000000	3.252
335.041667	3.984
335.083333	4.522
335.125000	4.799
335.166667	4.783
335.208333	4.538
335.250000	4.136
335.291667	3.675
335.333333	3.329
335.375000	3.282
335.416667	3.492
335.458333	4.021
335.500000	4.628
335.541667	5.186
335.583333	5.448
335.625000	5.438
335.666667	5.086
335.708333	4.465
335.750000	3.734
335.791667	2.917
335.833333	2.256
335.875000	1.8
335.916667	1.809
335.958333	2.124
336.000000	2.851
336.041667	3.6
336.083333	4.257
336.125000	4.655
336.166667	4.738
336.208333	4.7
336.250000	4.499
336.291667	4.204
336.333333	3.886
336.375000	3.591
336.416667	3.61
336.458333	3.886
336.500000	4.416
336.541667	4.968
336.583333	5.354
336.625000	5.467
336.666667	5.322
336.708333	4.854
336.750000	4.241
336.791667	3.56
336.833333	2.842
336.875000	2.31
336.916667	2.025
336.958333	2.169
337.000000	2.618
337.041667	3.299
337.083333	3.877
337.125000	4.437
337.166667	4.771
337.208333	4.746
337.250000	4.694
337.291667	4.603
337.333333	4.323
337.375000	4.043
337.416667	3.815
337.458333	3.867
337.500000	4.14
337.541667	4.582
337.583333	5.044
337.625000	5.348
337.666667	5.395
337.708333	5.149
337.750000	4.737
337.791667	4.185
337.833333	3.6
337.875000	3.017
337.916667	2.608
337.958333	2.43
338.000000	2.568
338.041667	3.013
338.083333	3.588
338.125000	4.121
338.166667	4.497
338.208333	4.689
338.250000	4.714
338.291667	4.598
338.333333	4.349
338.375000	4.033
338.416667	3.742
338.458333	3.574
338.500000	3.621
338.541667	3.904
338.583333	4.266
338.625000	4.594
338.666667	4.79
338.708333	4.786
338.750000	4.595
338.791667	4.271
338.833333	3.803
338.875000	3.259
338.916667	2.75
338.958333	2.402
339.000000	2.348
339.041667	2.555
339.083333	3.003
339.125000	3.493
339.166667	3.93
339.208333	4.307
339.250000	4.569
339.291667	4.662
339.333333	4.518
339.375000	4.281
339.416667	3.921
339.458333	3.615
339.500000	3.465
339.541667	3.561
339.583333	3.735
339.625000	3.998
339.666667	4.31
339.708333	4.451
339.750000	4.582
339.791667	4.443
339.833333	4.168
339.875000	3.781
339.916667	3.293
339.958333	2.851
340.000000	2.592
340.041667	2.569
340.083333	2.804
340.125000	3.201
340.166667	3.675
340.208333	4.118
340.250000	4.485
340.291667	4.729
340.333333	4.797
340.375000	4.645
340.416667	4.309
340.458333	3.892
340.500000	3.518
340.541667	3.318
340.583333	3.319
340.625000	3.459
340.666667	3.726
340.708333	3.993
340.750000	4.272
340.791667	4.423
340.833333	4.435
340.875000	4.256
340.916667	3.87
340.958333	3.4
341.000000	2.971
341.041667	2.703
341.083333	2.703
341.125000	2.946
341.166667	3.365
341.208333	3.88
341.250000	4.392
341.291667	4.788
341.333333	5.03
341.375000	5.049
341.416667	4.826
341.458333	4.394
341.500000	3.833
341.541667	3.38
341.583333	3.102
341.625000	3.033
341.666667	3.198
341.708333	3.504
341.750000	3.902
341.791667	4.279
341.833333	4.569
341.875000	4.654
341.916667	4.49
341.958333	4.121
342.000000	3.663
342.041667	3.242
342.083333	2.982
342.125000	2.971
342.166667	3.212
342.208333	3.687
342.250000	4.259
342.291667	4.83
342.333333	5.321
342.375000	5.537
342.416667	5.451
342.458333	5.048
342.500000	4.445
342.541667	3.775
342.583333	3.194
342.625000	2.836
342.666667	2.752
342.708333	2.936
342.750000	3.351
342.791667	3.867
342.833333	4.376
342.875000	4.767
342.916667	4.898
342.958333	4.721
343.000000	4.318
343.041667	3.775
343.083333	3.309
343.125000	3.052
343.166667	3.069
343.208333	3.38
343.250000	3.942
343.291667	4.642
343.333333	5.292
343.375000	5.744
343.416667	5.917
343.458333	5.681
343.500000	5.098
343.541667	4.292
343.583333	3.476
343.625000	2.818
343.666667	2.405
343.708333	2.343
343.750000	2.621
343.791667	3.196
343.833333	3.919
343.875000	4.543
343.916667	4.981
343.958333	5.113
344.000000	4.854
344.041667	4.346
344.083333	3.792
344.125000	3.302
344.166667	3.043
344.208333	3.123
344.250000	3.56
344.291667	4.25
344.333333	5.022
344.375000	5.668
344.416667	6.071
344.458333	6.106
344.500000	5.702
344.541667	4.937
344.583333	3.974
344.625000	2.99
344.666667	2.208
344.708333	1.77
344.750000	1.84
344.791667	2.37
344.833333	3.143
344.875000	3.951
344.916667	4.629
344.958333	5.037
345.000000	5.12
345.041667	4.864
345.083333	4.354
345.125000	3.71
345.166667	3.164
345.208333	2.896
345.250000	3.09
345.291667	3.701
345.333333	4.551
345.375000	5.388
345.416667	5.958
345.458333	6.238
345.500000	6.108
345.541667	5.532
345.583333	4.64
345.625000	3.531
345.666667	2.437
345.708333	1.587
345.750000	1.243
345.791667	1.478
345.833333	2.196
345.875000	3.124
345.916667	4.02
345.958333	4.728
346.000000	5.174
346.041667	5.237
346.083333	4.897
346.125000	4.304
346.166667	3.599
346.208333	3.053
346.250000	2.916
346.291667	3.26
346.333333	4.018
346.375000	4.874
346.416667	5.682
346.458333	6.271
346.500000	6.473
346.541667	6.191
346.583333	5.453
346.625000	4.361
346.666667	3.086
346.708333	1.987
346.750000	1.187
346.791667	0.958
346.833333	1.33
346.875000	2.185
346.916667	3.203
346.958333	4.139
347.000000	4.882
347.041667	5.288
347.083333	5.305
347.125000	4.909
347.166667	4.301
347.208333	3.608
347.250000	3.09
347.291667	3.067
347.333333	3.452
347.375000	4.175
347.416667	5.05
347.458333	5.811
347.500000	6.357
347.541667	6.469
347.583333	6.086
347.625000	5.221
347.666667	4.024
347.708333	2.744
347.750000	1.648
347.791667	0.954
347.833333	0.898
347.875000	1.418
347.916667	2.355
347.958333	3.432
348.000000	4.392
348.041667	5.099
348.083333	5.447
348.125000	5.379
348.166667	4.884
348.208333	4.119
348.250000	3.369
348.291667	2.947
348.333333	3.03
348.375000	3.563
348.416667	4.374
348.458333	5.257
348.500000	6.007
348.541667	6.465
348.583333	6.514
348.625000	6.079
348.666667	5.146
348.708333	3.877
348.750000	2.594
348.791667	1.549
348.833333	0.988
348.875000	1.063
348.916667	1.677
348.958333	2.621
349.000000	3.633
349.041667	4.508
349.083333	5.128
349.125000	5.388
349.166667	5.218
349.208333	4.665
349.250000	3.897
349.291667	3.224
349.333333	2.833
349.375000	2.902
349.416667	3.429
349.458333	4.272
349.500000	5.12
349.541667	5.78
349.583333	6.151
349.625000	6.096
349.666667	5.583
349.708333	4.61
349.750000	3.43
349.791667	2.239
349.833333	1.317
349.875000	0.89
349.916667	1.054
349.958333	1.737
350.000000	2.735
350.041667	3.721
350.083333	4.57
350.125000	5.142
350.166667	5.348
350.208333	5.154
350.250000	4.63
350.291667	3.956
350.333333	3.34
350.375000	3.043
350.416667	3.195
350.458333	3.767
350.500000	4.578
350.541667	5.367
350.583333	5.965
350.625000	6.232
350.666667	6.103
350.708333	5.552
350.750000	4.651
350.791667	3.563
350.833333	2.508
350.875000	1.73
350.916667	1.435
350.958333	1.64
351.000000	2.28
351.041667	3.18
351.083333	4.1
351.125000	4.887
351.166667	5.413
351.208333	5.526
351.250000	5.276
351.291667	4.745
351.333333	4.101
351.375000	3.558
351.416667	3.284
351.458333	3.366
351.500000	3.797
351.541667	4.426
351.583333	5.08
351.625000	5.596
351.666667	5.844
351.708333	5.69
351.750000	5.184
351.791667	4.39
351.833333	3.465
351.875000	2.571
351.916667	1.925
351.958333	1.72
352.000000	1.971
352.041667	2.625
352.083333	3.451
352.125000	4.263
352.166667	4.904
352.208333	5.309
352.250000	5.386
352.291667	5.134
352.333333	4.642
352.375000	4.005
352.416667	3.439
352.458333	3.114
352.500000	3.115
352.541667	3.441
352.583333	4.027
352.625000	4.634
352.666667	5.063
352.708333	5.264
352.750000	5.172
352.791667	4.797
352.833333	4.222
352.875000	3.515
352.916667	2.852
352.958333	2.409
353.000000	2.335
353.041667	2.662
353.083333	3.265
353.125000	4.07
353.166667	4.775
353.208333	5.279
353.250000	5.592
353.291667	5.637
353.333333	5.393
353.375000	4.901
353.416667	4.273
353.458333	3.649
353.500000	3.276
353.541667	3.264
353.583333	3.57
353.625000	4.028
353.666667	4.483
353.708333	4.822
353.750000	5
353.791667	4.977
353.833333	4.753
353.875000	4.293
353.916667	3.676
353.958333	3.041
354.000000	2.597
354.041667	2.509
354.083333	2.789
354.125000	3.352
354.166667	4.025
354.208333	4.636
354.250000	5.092
354.291667	5.365
354.333333	5.428
354.375000	5.183
354.416667	4.703
354.458333	4.051
354.500000	3.423
354.541667	2.995
354.583333	2.878
354.625000	3.064
354.666667	3.452
354.708333	3.866
354.750000	4.233
354.791667	4.493
354.833333	4.57
354.875000	4.421
354.916667	4.053
354.958333	3.552
355.000000	3.029
355.041667	2.664
355.083333	2.614
355.125000	2.9
355.166667	3.398
355.208333	3.968
355.250000	4.513
355.291667	4.983
355.333333	5.299
355.375000	5.315
355.416667	5.026
355.458333	4.464
355.500000	3.722
355.541667	3.049
355.583333	2.636
355.625000	2.51
355.666667	2.631
355.708333	2.97
355.750000	3.402
355.791667	3.833
355.833333	4.169
355.875000	4.381
355.916667	4.312
355.958333	4.052
356.000000	3.649
356.041667	3.165
356.083333	2.894
356.125000	2.819
356.166667	3.041
356.208333	3.5
356.250000	4.051
356.291667	4.642
356.333333	5.112
356.375000	5.335
356.416667	5.291
356.458333	4.93
356.500000	4.272
356.541667	3.542
356.583333	2.829
356.625000	2.373
356.666667	2.167
356.708333	2.339
356.750000	2.737
356.791667	3.266
356.833333	3.811
356.875000	4.248
356.916667	4.482
356.958333	4.433
357.000000	4.277
357.041667	3.993
357.083333	3.588
357.125000	3.318
357.166667	3.23
357.208333	3.444
357.250000	3.897
357.291667	4.458
357.333333	5.105
357.375000	5.528
357.416667	5.664
357.458333	5.524
357.500000	5.036
357.541667	4.381
357.583333	3.573
357.625000	2.858
357.666667	2.412
357.708333	2.188
357.750000	2.361
357.791667	2.843
357.833333	3.439
357.875000	4.048
357.916667	4.555
357.958333	4.84
358.000000	4.827
358.041667	4.515
358.083333	4.104
358.125000	3.737
358.166667	3.478
358.208333	3.442
358.250000	3.69
358.291667	4.14
358.333333	4.762
358.375000	5.356
358.416667	5.786
358.458333	5.882
358.500000	5.599
358.541667	4.983
358.583333	4.198
358.625000	3.378
358.666667	2.678
358.708333	2.248
358.750000	2.132
358.791667	2.411
358.833333	3.005
358.875000	3.734
358.916667	4.398
358.958333	4.876
359.000000	5.06
359.041667	4.957
359.083333	4.661
359.125000	4.216
359.166667	3.749
359.208333	3.451
359.250000	3.438
359.291667	3.736
359.333333	4.297
359.375000	4.939
359.416667	5.47
359.458333	5.771
359.500000	5.689
359.541667	5.28
359.583333	4.614
359.625000	3.714
359.666667	2.8
359.708333	2.029
359.750000	1.559
359.791667	1.57
359.833333	2.048
359.875000	2.757
359.916667	3.555
359.958333	4.169
360.000000	4.562
360.041667	4.724
360.083333	4.618
360.125000	4.299
360.166667	3.782
360.208333	3.274
360.250000	3.031
360.291667	3.16
360.333333	3.607
360.375000	4.322
360.416667	4.972
360.458333	5.403
360.500000	5.543
360.541667	5.365
360.583333	4.878
360.625000	4.117
360.666667	3.136
360.708333	2.217
360.750000	1.511
360.791667	1.29
360.833333	1.529
360.875000	2.191
360.916667	3.017
360.958333	3.766
361.000000	4.313
361.041667	4.641
361.083333	4.69
361.125000	4.45
361.166667	4.023
361.208333	3.485
361.250000	3.075
361.291667	2.992
361.333333	3.265
361.375000	3.88
361.416667	4.615
361.458333	5.215
361.500000	5.519
361.541667	5.532
361.583333	5.218
361.625000	4.621
361.666667	3.746
361.708333	2.803
361.750000	1.935
361.791667	1.412
361.833333	1.405
361.875000	1.934
361.916667	2.715
361.958333	3.539
362.000000	4.233
362.041667	4.674
362.083333	4.906
362.125000	4.902
362.166667	4.589
362.208333	4.031
362.250000	3.479
362.291667	3.167
362.333333	3.265
362.375000	3.754
362.416667	4.426
362.458333	5.103
362.500000	5.607
362.541667	5.833
362.583333	5.755
362.625000	5.296
362.666667	4.538
362.708333	3.612
362.750000	2.646
362.791667	1.916
362.833333	1.608
362.875000	1.766
362.916667	2.394
362.958333	3.225
363.000000	4.009
363.041667	4.595
363.083333	4.912
363.125000	5.007
363.166667	4.808
363.208333	4.36
363.250000	3.807
363.291667	3.291
363.333333	3.091
363.375000	3.335
363.416667	3.908
363.458333	4.584
363.500000	5.189
363.541667	5.539
363.583333	5.622
363.625000	5.367
363.666667	4.79
363.708333	3.921
363.750000	2.917
363.791667	2.061
363.833333	1.535
363.875000	1.47
363.916667	1.888
363.958333	2.631
364.000000	3.351
364.041667	3.986
364.083333	4.535
364.125000	4.825
364.166667	4.808
364.208333	4.453
364.250000	3.902
364.291667	3.362
364.333333	3.022
364.375000	3.043
364.416667	3.423
364.458333	4.014
364.500000	4.6
364.541667	5.082
364.583333	5.388
364.625000	5.389
364.666667	5.034
364.708333	4.271
364.750000	3.357
364.791667	2.469
364.833333	1.789
364.875000	1.5
364.916667	1.678
364.958333	2.206
365.000000	2.931
365.041667	3.69
365.083333	4.321
365.125000	4.727
365.166667	4.836
365.208333	4.597
365.250000	4.155
365.291667	3.612
365.333333	3.162
365.375000	2.942
365.416667	3.09
365.458333	3.534
365.500000	4.103
365.541667	4.676
365.583333	5.077
365.625000	5.245
365.666667	5.076
365.708333	4.552
365.750000	3.804
365.791667	2.928
365.833333	2.192
365.875000	1.723
365.916667	1.65
365.958333	1.985
366.000000	2.58
366.041667	3.282
366.083333	3.972
366.125000	4.477
366.166667	4.734
366.208333	4.695
366.250000	4.405
366.291667	3.926
366.333333	3.4
366.375000	3.046
366.416667	2.96
366.458333	3.179
366.500000	3.651
366.541667	4.19
366.583333	4.669
366.625000	4.952
366.666667	4.981
366.708333	4.707
366.750000	4.164
366.791667	3.444
366.833333	2.709
366.875000	2.098
366.916667	1.781
366.958333	1.847
367.000000	2.277
367.041667	2.942
367.083333	3.625
367.125000	4.233
367.166667	4.594
367.208333	4.69
367.250000	4.534
367.291667	4.229
367.333333	3.759
367.375000	3.316
367.416667	3.029
367.458333	2.927
367.500000	3.134
367.541667	3.58
367.583333	4.149
367.625000	4.559
367.666667	4.707
367.708333	4.62
367.750000	4.33
367.791667	3.803
367.833333	3.2
367.875000	2.642
367.916667	2.164
367.958333	1.945
