---------Head Start---------
Separator: Comma
Linear Units: Meters
Angular Units: Dec. degrees
Output order: Pnt Id, Time1, Time2, Hz, V, Sd, HI, East, North, Elev, Sig.Strength
Liscad coding
List file = None
Join codes: Yes.  String = _
Allow partial blocks?  Yes
---------Head End-----------
R1,9, 14, 10, 32,359.99528,87.25056,0.0000,1.6200,0.0000,0.0000,0.0000
R1,9, 14, 10, 33,179.99556,272.76306,0.0000,1.6200,0.0000,0.0000,0.0000
555,9, 14, 10, 53,290.22306,92.56861,1656.5610,1.6200,3447.1040,5572.0640,927.5710
555,9, 14, 10, 54,110.22556,267.44472,1656.5610,1.6200,3447.1150,5572.1400,927.9530
R1,9, 14, 10, 57,359.99444,87.25389,131.9060,1.6200,4999.9870,5131.7540,1007.9410
R1,9, 14, 10, 57,179.99583,272.76167,131.9050,1.6200,4999.9900,5131.7520,1007.9760
R1,9, 14, 11, 54,359.99222,87.25222,131.9060,1.6200,4999.9820,5131.7540,1007.9440
555,9, 14, 11, 55,290.20833,92.56861,1656.4930,1.6200,3447.0200,5571.6390,927.5720
555,9, 14, 12, 0,290.20389,92.56694,1656.4880,1.6200,3446.9800,5571.5210,927.6210
R1,9, 14, 12, 0,359.99167,87.25139,131.9060,1.6200,4999.9810,5131.7540,1007.9460
555,9, 14, 12, 1,110.20667,267.44750,1656.4860,1.6200,3446.9920,5571.6030,928.0370
R1,9, 14, 12, 1,179.99306,272.76056,131.9060,1.6200,4999.9840,5131.7530,1007.9740
555,9, 14, 12, 10,290.20333,92.56778,1656.4750,1.6200,3446.9890,5571.5030,927.5950
R1,9, 14, 12, 10,359.99167,87.25222,131.9060,1.6200,4999.9810,5131.7540,1007.9440
555,9, 14, 12, 11,110.20583,267.44583,1656.4750,1.6200,3446.9970,5571.5770,927.9850
R1,9, 14, 12, 11,179.99278,272.75861,131.9050,1.6200,4999.9830,5131.7530,1007.9700
555,9, 14, 12, 20,290.20056,92.56778,1656.4660,1.6200,3446.9680,5571.4220,927.5950
R1,9, 14, 12, 20,359.99000,87.25278,131.9060,1.6200,4999.9770,5131.7540,1007.9440
555,9, 14, 12, 21,110.20389,267.44417,1656.4640,1.6200,3446.9870,5571.5140,927.9420
R1,9, 14, 12, 21,179.99111,272.76083,131.9060,1.6200,4999.9800,5131.7520,1007.9750
555,9, 14, 12, 30,290.19917,92.56750,1656.4550,1.6200,3446.9630,5571.3770,927.6060
R1,9, 14, 12, 30,359.99167,87.25222,131.9060,1.6200,4999.9810,5131.7540,1007.9450
555,9, 14, 12, 31,110.20111,267.44389,1656.4560,1.6200,3446.9700,5571.4420,927.9340
R1,9, 14, 12, 31,179.99167,272.76028,131.9060,1.6200,4999.9810,5131.7530,1007.9740
555,9, 14, 12, 40,290.19667,92.56806,1656.4450,1.6200,3446.9490,5571.3080,927.5850
R1,9, 14, 12, 40,359.99056,87.25306,131.9060,1.6200,4999.9790,5131.7540,1007.9420
555,9, 14, 12, 41,110.19861,267.44444,1656.4450,1.6200,3446.9540,5571.3660,927.9460
R1,9, 14, 12, 41,179.99194,272.76083,131.9060,1.6200,4999.9810,5131.7520,1007.9750
555,9, 14, 12, 50,290.19417,92.56889,1656.4340,1.6200,3446.9370,5571.2390,927.5650
R1,9, 14, 12, 50,359.99000,87.25250,131.9060,1.6200,4999.9770,5131.7540,1007.9440
555,9, 14, 12, 51,110.19806,267.44444,1656.4360,1.6200,3446.9550,5571.3450,927.9490
R1,9, 14, 12, 51,179.99194,272.76000,131.9060,1.6200,4999.9820,5131.7530,1007.9730
555,9, 14, 13, 0,290.19250,92.56861,1656.4250,1.6200,3446.9280,5571.1900,927.5760
R1,9, 14, 13, 0,359.98972,87.25333,131.9060,1.6200,4999.9770,5131.7540,1007.9420
555,9, 14, 13, 1,110.19528,267.44306,1656.4250,1.6200,3446.9400,5571.2670,927.9100
R1,9, 14, 13, 1,179.99250,272.75917,131.9050,1.6200,4999.9830,5131.7520,1007.9710
555,9, 14, 13, 10,290.18972,92.56806,1656.4150,1.6200,3446.9080,5571.1100,927.5880
R1,9, 14, 13, 10,359.98944,87.25306,131.9060,1.6200,4999.9760,5131.7540,1007.9430
555,9, 14, 13, 11,110.19389,267.44500,1656.4130,1.6200,3446.9360,5571.2290,927.9650
R1,9, 14, 13, 11,179.99250,272.76083,131.9060,1.6200,4999.9830,5131.7520,1007.9750
555,9, 14, 13, 20,290.18944,92.56917,1656.4050,1.6200,3446.9160,5571.1000,927.5600
R1,9, 14, 13, 20,359.99000,87.25444,131.9060,1.6200,4999.9770,5131.7540,1007.9400
555,9, 14, 13, 21,110.19139,267.44556,1656.4030,1.6200,3446.9190,5571.1580,927.9820
R1,9, 14, 13, 21,179.99306,272.76028,131.9060,1.6200,4999.9840,5131.7530,1007.9730
555,9, 14, 13, 30,290.18611,92.56778,1656.3930,1.6200,3446.8920,5571.0040,927.5980
R1,9, 14, 13, 30,359.99056,87.25306,131.9050,1.6200,4999.9780,5131.7540,1007.9420
555,9, 14, 13, 31,110.19028,267.44472,1656.3930,1.6200,3446.9190,5571.1230,927.9570
R1,9, 14, 13, 31,179.99333,272.76250,131.9050,1.6200,4999.9840,5131.7520,1007.9780
555,9, 14, 13, 40,290.18472,92.57028,1656.3830,1.6200,3446.8910,5570.9610,927.5240
R1,9, 14, 13, 40,359.98944,87.25417,131.9060,1.6200,4999.9760,5131.7540,1007.9400
555,9, 14, 13, 41,110.18778,267.44389,1656.3830,1.6200,3446.9050,5571.0520,927.9360
R1,9, 14, 13, 41,179.99250,272.76111,131.9050,1.6200,4999.9830,5131.7520,1007.9750
555,9, 14, 13, 50,290.18361,92.56889,1656.3730,1.6200,3446.8890,5570.9330,927.5630
R1,9, 14, 13, 50,359.99028,87.25250,131.9050,1.6200,4999.9780,5131.7540,1007.9440
555,9, 14, 13, 51,110.18556,267.44389,1656.3700,1.6200,3446.8940,5570.9880,927.9380
R1,9, 14, 13, 51,179.99278,272.76000,131.9060,1.6200,4999.9840,5131.7530,1007.9730
555,9, 14, 14, 0,290.18083,92.56972,1656.3620,1.6200,3446.8700,5570.8490,927.5460
R1,9, 14, 14, 0,359.99111,87.25278,131.9050,1.6200,4999.9800,5131.7540,1007.9430
555,9, 14, 14, 1,110.18389,267.44361,1656.3610,1.6200,3446.8880,5570.9420,927.9270
R1,9, 14, 14, 1,179.99333,272.76083,131.9050,1.6200,4999.9850,5131.7520,1007.9750
555,9, 14, 14, 10,290.17778,92.57000,1656.3500,1.6200,3446.8520,5570.7630,927.5340
R1,9, 14, 14, 10,359.99083,87.25333,131.9050,1.6200,4999.9790,5131.7540,1007.9420
555,9, 14, 14, 11,110.18111,267.44417,1656.3490,1.6200,3446.8690,5570.8610,927.9430
R1,9, 14, 14, 11,179.99222,272.76000,131.9050,1.6200,4999.9820,5131.7520,1007.9730
555,9, 14, 14, 20,290.17528,92.56806,1656.3410,1.6200,3446.8350,5570.6950,927.5900
R1,9, 14, 14, 20,359.99167,87.25361,131.9050,1.6200,4999.9810,5131.7540,1007.9410
555,9, 14, 14, 21,110.17722,267.44361,1656.3380,1.6200,3446.8420,5570.7520,927.9280
R1,9, 14, 14, 21,179.99222,272.76000,131.9050,1.6200,4999.9820,5131.7520,1007.9730
555,9, 14, 14, 30,290.17306,92.56972,1656.3260,1.6200,3446.8280,5570.6270,927.5420
R1,9, 14, 14, 30,359.99028,87.25389,131.9050,1.6200,4999.9770,5131.7540,1007.9410
555,9, 14, 14, 31,110.17500,267.44500,1656.3280,1.6200,3446.8270,5570.6880,927.9710
R1,9, 14, 14, 31,179.99278,272.76028,131.9050,1.6200,4999.9830,5131.7520,1007.9730
555,9, 14, 14, 40,290.17139,92.56889,1656.3180,1.6200,3446.8180,5570.5800,927.5660
R1,9, 14, 14, 40,359.99000,87.25222,131.9060,1.6200,4999.9770,5131.7540,1007.9450
555,9, 14, 14, 41,110.17389,267.44278,1656.3160,1.6200,3446.8300,5570.6510,927.9070
R1,9, 14, 14, 41,179.99111,272.76028,131.9060,1.6200,4999.9790,5131.7520,1007.9730
555,9, 14, 14, 50,290.17139,92.56917,1656.3070,1.6200,3446.8280,5570.5750,927.5600
R1,9, 14, 14, 50,359.99083,87.25250,131.9050,1.6200,4999.9790,5131.7540,1007.9440
555,9, 14, 14, 51,110.17306,267.44250,1656.3070,1.6200,3446.8320,5570.6290,927.8990
R1,9, 14, 14, 51,179.99417,272.75972,131.9050,1.6200,4999.9860,5131.7520,1007.9720
555,9, 14, 15, 0,290.16917,92.57056,1656.2940,1.6200,3446.8200,5570.5130,927.5210
R1,9, 14, 15, 0,359.99139,87.25444,131.9050,1.6200,4999.9810,5131.7540,1007.9400
555,9, 14, 15, 1,110.17167,267.44194,1656.2920,1.6200,3446.8330,5570.5860,927.8860
R1,9, 14, 15, 1,179.99417,272.75972,131.9050,1.6200,4999.9870,5131.7520,1007.9720
555,9, 14, 15, 10,290.16611,92.57083,1656.2820,1.6200,3446.8020,5570.4280,927.5170
R1,9, 14, 15, 10,359.99167,87.25361,131.9050,1.6200,4999.9810,5131.7540,1007.9420
555,9, 14, 15, 11,110.16944,267.44167,1656.2820,1.6200,3446.8190,5570.5200,927.8770
R1,9, 14, 15, 11,179.99278,272.76000,131.9050,1.6200,4999.9830,5131.7520,1007.9730
555,9, 14, 15, 20,290.16417,92.57111,1656.2700,1.6200,3446.7950,5570.3700,927.5090
R1,9, 14, 15, 20,359.99167,87.25472,131.9050,1.6200,4999.9810,5131.7540,1007.9390
555,9, 14, 15, 21,110.16667,267.44250,1656.2710,1.6200,3446.8000,5570.4390,927.9040
R1,9, 14, 15, 21,179.99472,272.76028,131.9050,1.6200,4999.9880,5131.7520,1007.9740
555,9, 14, 15, 30,290.16083,92.57000,1656.2550,1.6200,3446.7730,5570.2750,927.5430
R1,9, 14, 15, 30,359.99167,87.25250,131.9060,1.6200,4999.9810,5131.7540,1007.9440
555,9, 14, 15, 31,110.16333,267.44278,1656.2580,1.6200,3446.7790,5570.3440,927.9080
R1,9, 14, 15, 31,179.99306,272.76111,131.9050,1.6200,4999.9840,5131.7520,1007.9750
555,9, 14, 15, 40,290.15639,92.56972,1656.2490,1.6200,3446.7350,5570.1520,927.5480
R1,9, 14, 15, 40,359.99139,87.25306,131.9050,1.6200,4999.9800,5131.7540,1007.9430
555,9, 14, 15, 41,110.16000,267.44167,1656.2460,1.6200,3446.7600,5570.2530,927.8810
R1,9, 14, 15, 41,179.99194,272.76056,131.9060,1.6200,4999.9820,5131.7520,1007.9740
555,9, 14, 15, 50,290.15583,92.57056,1656.2360,1.6200,3446.7420,5570.1310,927.5260
R1,9, 14, 15, 50,359.99000,87.25361,131.9060,1.6200,4999.9770,5131.7540,1007.9410
555,9, 14, 15, 51,110.15889,267.44278,1656.2350,1.6200,3446.7570,5570.2180,927.9120
R1,9, 14, 15, 51,179.99250,272.76056,131.9050,1.6200,4999.9830,5131.7520,1007.9740
555,9, 14, 16, 0,290.15417,92.57083,1656.2240,1.6200,3446.7370,5570.0830,927.5180
R1,9, 14, 16, 0,359.99083,87.25389,131.9050,1.6200,4999.9790,5131.7540,1007.9410
555,9, 14, 16, 1,110.15611,267.44111,1656.2210,1.6200,3446.7440,5570.1360,927.8660
R1,9, 14, 16, 1,179.99361,272.76056,131.9050,1.6200,4999.9850,5131.7520,1007.9740
555,9, 14, 16, 10,290.15250,92.56917,1656.2110,1.6200,3446.7310,5570.0320,927.5630
R1,9, 14, 16, 10,359.99083,87.25306,131.9060,1.6200,4999.9790,5131.7540,1007.9430
555,9, 14, 16, 11,110.15500,267.44222,1656.2100,1.6200,3446.7410,5570.1000,927.8990
R1,9, 14, 16, 11,179.99278,272.75917,131.9050,1.6200,4999.9830,5131.7520,1007.9710
555,9, 14, 16, 20,290.15000,92.57083,1656.1980,1.6200,3446.7200,5569.9610,927.5170
R1,9, 14, 16, 20,359.99056,87.25333,131.9060,1.6200,4999.9780,5131.7540,1007.9420
555,9, 14, 16, 21,110.15278,267.44139,1656.2000,1.6200,3446.7290,5570.0360,927.8760
R1,9, 14, 16, 21,179.99167,272.75972,131.9060,1.6200,4999.9810,5131.7530,1007.9720
555,9, 14, 16, 30,290.14972,92.57250,1656.1880,1.6200,3446.7280,5569.9460,927.4750
R1,9, 14, 16, 30,359.99000,87.25333,131.9050,1.6200,4999.9770,5131.7540,1007.9420
555,9, 14, 16, 31,110.15111,267.44028,1656.1870,1.6200,3446.7270,5569.9880,927.8430
R1,9, 14, 16, 31,179.99250,272.75944,131.9050,1.6200,4999.9830,5131.7520,1007.9720
555,9, 14, 16, 40,290.14500,92.57000,1656.1790,1.6200,3446.6880,5569.8180,927.5400
R1,9, 14, 16, 40,359.98972,87.25250,131.9060,1.6200,4999.9770,5131.7540,1007.9440
555,9, 14, 16, 41,110.14889,267.44222,1656.1760,1.6200,3446.7140,5569.9270,927.8980
R1,9, 14, 16, 41,179.99250,272.76000,131.9060,1.6200,4999.9830,5131.7520,1007.9730
555,9, 14, 16, 50,290.14361,92.57194,1656.1650,1.6200,3446.6890,5569.7740,927.4860
R1,9, 14, 16, 50,359.99056,87.25444,131.9050,1.6200,4999.9780,5131.7540,1007.9400
555,9, 14, 16, 51,110.14417,267.44222,1656.1650,1.6200,3446.6770,5569.7950,927.8950
R1,9, 14, 16, 51,179.99139,272.75944,131.9050,1.6200,4999.9800,5131.7520,1007.9720
555,9, 14, 17, 0,290.13972,92.57111,1656.1520,1.6200,3446.6620,5569.6670,927.5110
R1,9, 14, 17, 0,359.98889,87.25222,131.9060,1.6200,4999.9750,5131.7540,1007.9450
555,9, 14, 17, 1,110.14250,267.44222,1656.1510,1.6200,3446.6720,5569.7410,927.8970
R1,9, 14, 17, 1,179.99111,272.76083,131.9060,1.6200,4999.9790,5131.7520,1007.9750
555,9, 14, 17, 10,290.13917,92.56917,1656.1410,1.6200,3446.6640,5569.6480,927.5670
R1,9, 14, 17, 10,359.99167,87.25333,131.9060,1.6200,4999.9810,5131.7540,1007.9420
555,9, 14, 17, 11,110.14083,267.44083,1656.1380,1.6200,3446.6700,5569.6920,927.8560
R1,9, 14, 17, 11,179.99278,272.75722,131.9050,1.6200,4999.9830,5131.7530,1007.9660
555,9, 14, 17, 20,290.13750,92.57194,1656.1300,1.6200,3446.6620,5569.5980,927.4870
R1,9, 14, 17, 20,359.98917,87.25278,131.9060,1.6200,4999.9750,5131.7540,1007.9440
555,9, 14, 17, 21,110.14000,267.44000,1656.1280,1.6200,3446.6720,5569.6670,927.8360
R1,9, 14, 17, 21,179.99194,272.75972,131.9060,1.6200,4999.9820,5131.7530,1007.9720
555,9, 14, 17, 30,290.13444,92.57167,1656.1140,1.6200,3446.6440,5569.5060,927.4970
R1,9, 14, 17, 30,359.98917,87.25278,131.9060,1.6200,4999.9750,5131.7540,1007.9430
555,9, 14, 17, 31,110.13472,267.44167,1656.1130,1.6200,3446.6310,5569.5190,927.8860
R1,9, 14, 17, 31,179.99167,272.76028,131.9050,1.6200,4999.9810,5131.7520,1007.9730
555,9, 14, 17, 40,290.13139,92.57278,1656.1060,1.6200,3446.6240,5569.4230,927.4640
R1,9, 14, 17, 40,359.99028,87.25333,131.9050,1.6200,4999.9780,5131.7540,1007.9420
555,9, 14, 17, 41,110.13278,267.44250,1656.1050,1.6200,3446.6190,5569.4640,927.9070
R1,9, 14, 17, 41,179.99194,272.76056,131.9050,1.6200,4999.9810,5131.7520,1007.9740
555,9, 14, 17, 50,290.14333,92.57306,1656.0930,1.6200,3446.7550,5569.7400,927.4600
R1,9, 14, 17, 50,0.00278,87.25417,131.9050,1.6200,5000.0070,5131.7540,1007.9400
555,9, 14, 17, 51,110.14389,267.44167,1656.0920,1.6200,3446.7420,5569.7590,927.8840
R1,9, 14, 17, 51,180.00333,272.76111,131.9050,1.6200,5000.0080,5131.7520,1007.9750
555,9, 14, 18, 0,290.14000,92.57250,1656.0810,1.6200,3446.7310,5569.6450,927.4780
R1,9, 14, 18, 0,0.00250,87.25306,131.9050,1.6200,5000.0060,5131.7540,1007.9430
555,9, 14, 18, 1,110.14250,267.44194,1656.0780,1.6200,3446.7420,5569.7200,927.8910
R1,9, 14, 18, 1,180.00472,272.76083,131.9050,1.6200,5000.0110,5131.7520,1007.9750
555,9, 14, 18, 10,290.13611,92.57361,1656.0680,1.6200,3446.7060,5569.5330,927.4460
R1,9, 14, 18, 10,0.00083,87.25278,131.9050,1.6200,5000.0020,5131.7540,1007.9440
555,9, 14, 18, 11,110.13861,267.44000,1656.0710,1.6200,3446.7120,5569.6100,927.8370
R1,9, 14, 18, 11,179.99917,272.76056,131.9050,1.6200,4999.9980,5131.7520,1007.9740
555,9, 14, 18, 20,290.13500,92.57361,1656.0600,1.6200,3446.7030,5569.5040,927.4420
R1,9, 14, 18, 20,0.00139,87.25333,131.9050,1.6200,5000.0030,5131.7540,1007.9420
555,9, 14, 18, 21,110.13806,267.44028,1656.0590,1.6200,3446.7170,5569.5910,927.8430
R1,9, 14, 18, 21,180.00389,272.76000,131.9050,1.6200,5000.0090,5131.7520,1007.9730
555,9, 14, 18, 30,290.13111,92.57222,1656.0470,1.6200,3446.6740,5569.3900,927.4860
R1,9, 14, 18, 30,0.00111,87.25389,131.9050,1.6200,5000.0030,5131.7540,1007.9410
555,9, 14, 18, 31,110.13500,267.44000,1656.0470,1.6200,3446.6990,5569.5040,927.8390
R1,9, 14, 18, 31,180.00278,272.76000,131.9050,1.6200,5000.0070,5131.7520,1007.9730
555,9, 14, 18, 40,290.12972,92.57333,1656.0340,1.6200,3446.6750,5569.3510,927.4510
R1,9, 14, 18, 40,359.99944,87.25417,131.9050,1.6200,4999.9990,5131.7540,1007.9400
555,9, 14, 18, 41,110.13222,267.44056,1656.0350,1.6200,3446.6810,5569.4240,927.8580
R1,9, 14, 18, 41,180.00222,272.76056,131.9050,1.6200,5000.0050,5131.7520,1007.9740
555,9, 14, 18, 50,290.12722,92.57306,1656.0270,1.6200,3446.6550,5569.2800,927.4600
R1,9, 14, 18, 50,359.99944,87.25361,131.9050,1.6200,4999.9990,5131.7540,1007.9420
555,9, 14, 18, 51,110.13056,267.43972,1656.0250,1.6200,3446.6750,5569.3750,927.8360
R1,9, 14, 18, 51,180.00278,272.76111,131.9050,1.6200,5000.0070,5131.7520,1007.9750
555,9, 14, 19, 1,290.11889,92.57389,1656.0140,1.6200,3446.5860,5569.0460,927.4350
R1,9, 14, 19, 1,359.99472,87.25361,131.9050,1.6200,4999.9880,5131.7540,1007.9420
555,9, 14, 19, 1,110.12167,267.44000,1656.0140,1.6200,3446.5980,5569.1340,927.8420
R1,9, 14, 19, 2,179.99611,272.76028,131.9060,1.6200,4999.9910,5131.7520,1007.9740
555,9, 14, 19, 10,290.11694,92.57278,1656.0040,1.6200,3446.5770,5568.9970,927.4720
R1,9, 14, 19, 10,359.99389,87.25194,131.9060,1.6200,4999.9860,5131.7540,1007.9450
555,9, 14, 19, 11,110.11833,267.44056,1656.0050,1.6200,3446.5710,5569.0360,927.8600
R1,9, 14, 19, 11,179.99667,272.76056,131.9050,1.6200,4999.9920,5131.7520,1007.9740
555,9, 14, 19, 20,290.10833,92.57222,1655.9920,1.6200,3446.4990,5568.7550,927.4880
R1,9, 14, 19, 20,359.98722,87.25278,131.9060,1.6200,4999.9710,5131.7540,1007.9430
555,9, 14, 19, 21,110.10972,267.44083,1655.9900,1.6200,3446.4990,5568.7970,927.8700
R1,9, 14, 19, 21,179.99000,272.75972,131.9050,1.6200,4999.9770,5131.7520,1007.9720
555,9, 14, 19, 30,290.10806,92.57194,1655.9800,1.6200,3446.5090,5568.7450,927.4950
R1,9, 14, 19, 30,359.98917,87.25278,131.9050,1.6200,4999.9750,5131.7540,1007.9430
555,9, 14, 19, 31,110.10972,267.43944,1655.9790,1.6200,3446.5130,5568.7970,927.8270
R1,9, 14, 19, 31,179.99167,272.75972,131.9050,1.6200,4999.9810,5131.7520,1007.9720
555,9, 14, 19, 40,290.10444,92.57306,1655.9720,1.6200,3446.4810,5568.6430,927.4620
R1,9, 14, 19, 40,359.98889,87.25333,131.9050,1.6200,4999.9740,5131.7540,1007.9420
555,9, 14, 19, 41,110.10639,267.43972,1655.9680,1.6200,3446.4880,5568.6990,927.8380
R1,9, 14, 19, 41,179.99028,272.76028,131.9050,1.6200,4999.9780,5131.7520,1007.9730
555,9, 14, 19, 54,290.10028,92.57222,1655.9550,1.6200,3446.4550,5568.5250,927.4920
R1,9, 14, 19, 55,359.98806,87.25194,131.9050,1.6200,4999.9730,5131.7540,1007.9460
555,9, 14, 19, 55,110.10528,267.44028,1655.9530,1.6200,3446.4930,5568.6690,927.8470
R1,9, 14, 19, 55,179.99167,272.76028,131.9050,1.6200,4999.9810,5131.7520,1007.9730
555,9, 14, 20, 0,290.10111,92.57333,1655.9520,1.6200,3446.4670,5568.5470,927.4580
R1,9, 14, 20, 0,359.98972,87.25389,131.9050,1.6200,4999.9760,5131.7540,1007.9410
555,9, 14, 20, 1,110.10278,267.44028,1655.9500,1.6200,3446.4680,5568.5940,927.8520
R1,9, 14, 20, 1,179.99139,272.75917,131.9050,1.6200,4999.9810,5131.7520,1007.9710
555,9, 14, 20, 10,290.09861,92.57167,1655.9410,1.6200,3446.4500,5568.4750,927.5090
R1,9, 14, 20, 10,359.98889,87.25389,131.9050,1.6200,4999.9750,5131.7540,1007.9410
555,9, 14, 20, 11,110.10167,267.43861,1655.9390,1.6200,3446.4710,5568.5650,927.8020
R1,9, 14, 20, 11,179.99167,272.76000,131.9060,1.6200,4999.9810,5131.7520,1007.9730
555,9, 14, 20, 20,290.09694,92.57194,1655.9300,1.6200,3446.4460,5568.4290,927.5030
R1,9, 14, 20, 20,359.98889,87.25306,131.9050,1.6200,4999.9740,5131.7540,1007.9430
555,9, 14, 20, 21,110.09833,267.44000,1655.9280,1.6200,3446.4480,5568.4730,927.8420
R1,9, 14, 20, 21,179.99194,272.75944,131.9050,1.6200,4999.9810,5131.7520,1007.9720
555,9, 14, 20, 30,290.09417,92.57167,1655.9190,1.6200,3446.4270,5568.3450,927.5040
R1,9, 14, 20, 30,359.98917,87.25389,131.9050,1.6200,4999.9750,5131.7540,1007.9410
555,9, 14, 20, 31,110.09694,267.44000,1655.9210,1.6200,3446.4370,5568.4250,927.8410
R1,9, 14, 20, 31,179.99222,272.76028,131.9060,1.6200,4999.9820,5131.7530,1007.9730
555,9, 14, 20, 40,290.09222,92.57222,1655.9120,1.6200,3446.4160,5568.2950,927.4900
R1,9, 14, 20, 40,359.98944,87.25194,131.9060,1.6200,4999.9760,5131.7540,1007.9450
555,9, 14, 20, 41,110.09472,267.44056,1655.9080,1.6200,3446.4290,5568.3650,927.8580
R1,9, 14, 20, 41,179.99167,272.76028,131.9060,1.6200,4999.9810,5131.7520,1007.9740
R1,9, 14, 20, 50,359.99139,87.25250,131.9050,1.6200,4999.9810,5131.7540,1007.9440
555,9, 14, 20, 51,110.09472,267.43889,1655.9010,1.6200,3446.4380,5568.3620,927.8120
R1,9, 14, 20, 51,179.99222,272.76000,131.9050,1.6200,4999.9820,5131.7520,1007.9730
555,9, 14, 21, 0,290.08861,92.57472,1655.8920,1.6200,3446.4020,5568.1900,927.4190
R1,9, 14, 21, 0,359.98833,87.25306,131.9050,1.6200,4999.9730,5131.7540,1007.9430
555,9, 14, 21, 1,110.09083,267.43944,1655.8900,1.6200,3446.4070,5568.2510,927.8310
R1,9, 14, 21, 1,179.99111,272.76028,131.9060,1.6200,4999.9790,5131.7520,1007.9740
555,9, 14, 21, 10,290.08556,92.57278,1655.8830,1.6200,3446.3770,5568.1010,927.4760
R1,9, 14, 21, 10,359.99083,87.25222,131.9060,1.6200,4999.9790,5131.7540,1007.9440
555,9, 14, 21, 11,110.08861,267.44111,1655.8800,1.6200,3446.3940,5568.1920,927.8810
R1,9, 14, 21, 11,179.99278,272.75972,131.9060,1.6200,4999.9840,5131.7530,1007.9720
555,9, 14, 21, 20,290.08472,92.57389,1655.8730,1.6200,3446.3790,5568.0740,927.4420
R1,9, 14, 21, 20,359.98889,87.25278,131.9060,1.6200,4999.9740,5131.7540,1007.9440
555,9, 14, 21, 21,110.08722,267.43944,1655.8700,1.6200,3446.3920,5568.1510,927.8350
R1,9, 14, 21, 21,179.99083,272.76028,131.9060,1.6200,4999.9790,5131.7530,1007.9730
555,9, 14, 21, 30,290.08222,92.57333,1655.8600,1.6200,3446.3650,5568.0000,927.4590
R1,9, 14, 21, 30,359.99028,87.25333,131.9060,1.6200,4999.9780,5131.7540,1007.9420
555,9, 14, 21, 31,110.08417,267.43972,1655.8640,1.6200,3446.3680,5568.0660,927.8360
R1,9, 14, 21, 31,179.99139,272.76083,131.9060,1.6200,4999.9800,5131.7530,1007.9750
555,9, 14, 21, 40,290.08000,92.57222,1655.8500,1.6200,3446.3530,5567.9430,927.4950
R1,9, 14, 21, 40,359.98833,87.25361,131.9060,1.6200,4999.9730,5131.7540,1007.9410
555,9, 14, 21, 41,110.08278,267.43889,1655.8540,1.6200,3446.3620,5568.0210,927.8150
R1,9, 14, 21, 41,179.99167,272.76056,131.9060,1.6200,4999.9810,5131.7530,1007.9740
555,9, 14, 21, 50,290.07778,92.57361,1655.8410,1.6200,3446.3410,5567.8790,927.4570
R1,9, 14, 21, 50,359.98889,87.25361,131.9060,1.6200,4999.9740,5131.7540,1007.9420
555,9, 14, 21, 51,110.08000,267.43917,1655.8410,1.6200,3446.3480,5567.9440,927.8220
R1,9, 14, 21, 51,179.99139,272.76028,131.9050,1.6200,4999.9800,5131.7520,1007.9730
555,9, 14, 22, 0,290.07500,92.57389,1655.8320,1.6200,3446.3240,5567.8010,927.4490
R1,9, 14, 22, 0,359.98917,87.25333,131.9060,1.6200,4999.9750,5131.7540,1007.9420
555,9, 14, 22, 1,110.07889,267.43972,1655.8300,1.6200,3446.3440,5567.9060,927.8430
R1,9, 14, 22, 1,179.99139,272.76111,131.9050,1.6200,4999.9800,5131.7520,1007.9750
555,9, 14, 22, 10,290.07361,92.57333,1655.8250,1.6200,3446.3130,5567.7550,927.4640
R1,9, 14, 22, 10,359.98972,87.25417,131.9050,1.6200,4999.9760,5131.7540,1007.9400
555,9, 14, 22, 11,110.07583,267.44083,1655.8210,1.6200,3446.3220,5567.8210,927.8700
R1,9, 14, 22, 11,179.99111,272.76056,131.9060,1.6200,4999.9800,5131.7530,1007.9740
555,9, 14, 22, 20,290.07194,92.57333,1655.8140,1.6200,3446.3070,5567.7050,927.4610
R1,9, 14, 22, 20,359.98889,87.25194,131.9060,1.6200,4999.9740,5131.7540,1007.9450
555,9, 14, 22, 21,110.07444,267.44056,1655.8090,1.6200,3446.3210,5567.7820,927.8630
R1,9, 14, 22, 21,179.99111,272.76028,131.9050,1.6200,4999.9800,5131.7520,1007.9740
555,9, 14, 22, 30,290.06778,92.57139,1655.8040,1.6200,3446.2750,5567.5960,927.5210
R1,9, 14, 22, 30,359.98694,87.25167,131.9050,1.6200,4999.9700,5131.7540,1007.9460
555,9, 14, 22, 31,110.07167,267.43972,1655.8040,1.6200,3446.2970,5567.7010,927.8430
R1,9, 14, 22, 31,179.99111,272.75917,131.9060,1.6200,4999.9800,5131.7530,1007.9710
555,9, 14, 22, 40,290.06917,92.57278,1655.7930,1.6200,3446.2990,5567.6250,927.4840
R1,9, 14, 22, 40,359.98972,87.25222,131.9050,1.6200,4999.9770,5131.7540,1007.9450
555,9, 14, 22, 41,110.07056,267.43889,1655.7930,1.6200,3446.2980,5567.6670,927.8190
R1,9, 14, 22, 41,179.99194,272.75917,131.9060,1.6200,4999.9810,5131.7530,1007.9710
555,9, 14, 22, 50,290.06722,92.57417,1655.7850,1.6200,3446.2910,5567.5730,927.4420
R1,9, 14, 22, 50,359.98889,87.25194,131.9050,1.6200,4999.9740,5131.7540,1007.9450
555,9, 14, 22, 51,110.06861,267.43917,1655.7860,1.6200,3446.2860,5567.6140,927.8230
R1,9, 14, 22, 51,179.99278,272.75972,131.9050,1.6200,4999.9830,5131.7520,1007.9720
555,9, 14, 23, 0,290.06333,92.57417,1655.7730,1.6200,3446.2620,5567.4630,927.4430
R1,9, 14, 23, 0,359.98833,87.25306,131.9060,1.6200,4999.9730,5131.7540,1007.9430
555,9, 14, 23, 1,110.06667,267.44028,1655.7740,1.6200,3446.2780,5567.5600,927.8550
R1,9, 14, 23, 1,179.99139,272.76000,131.9060,1.6200,4999.9800,5131.7530,1007.9730
555,9, 14, 23, 10,290.06111,92.57389,1655.7650,1.6200,3446.2480,5567.4000,927.4520
R1,9, 14, 23, 10,359.99000,87.25333,131.9050,1.6200,4999.9770,5131.7540,1007.9420
555,9, 14, 23, 11,110.06417,267.44000,1655.7630,1.6200,3446.2640,5567.4880,927.8500
R1,9, 14, 23, 11,179.99167,272.76028,131.9050,1.6200,4999.9810,5131.7520,1007.9740
555,9, 14, 23, 20,290.05972,92.57389,1655.7560,1.6200,3446.2420,5567.3580,927.4500
R1,9, 14, 23, 20,359.98917,87.25333,131.9050,1.6200,4999.9750,5131.7540,1007.9420
555,9, 14, 23, 21,110.06194,267.43944,1655.7550,1.6200,3446.2470,5567.4210,927.8380
R1,9, 14, 23, 21,179.99056,272.75944,131.9050,1.6200,4999.9780,5131.7520,1007.9720
555,9, 14, 23, 30,290.05861,92.57306,1655.7490,1.6200,3446.2360,5567.3230,927.4780
R1,9, 14, 23, 30,359.98944,87.25361,131.9060,1.6200,4999.9760,5131.7540,1007.9420
555,9, 14, 23, 31,110.06028,267.43778,1655.7450,1.6200,3446.2440,5567.3750,927.7860
R1,9, 14, 23, 31,179.99194,272.75917,131.9060,1.6200,4999.9820,5131.7530,1007.9710
555,9, 14, 23, 40,290.05583,92.57389,1655.7380,1.6200,3446.2200,5567.2460,927.4520
R1,9, 14, 23, 40,359.98861,87.25306,131.9060,1.6200,4999.9740,5131.7540,1007.9430
555,9, 14, 23, 41,110.05806,267.43778,1655.7360,1.6200,3446.2300,5567.3100,927.7880
R1,9, 14, 23, 41,179.99111,272.76056,131.9060,1.6200,4999.9800,5131.7520,1007.9740
555,9, 14, 23, 50,290.05222,92.57333,1655.7270,1.6200,3446.1940,5567.1440,927.4690
R1,9, 14, 23, 50,359.98944,87.25278,131.9060,1.6200,4999.9760,5131.7540,1007.9430
555,9, 14, 23, 51,110.05611,267.43778,1655.7280,1.6200,3446.2180,5567.2530,927.7930
R1,9, 14, 23, 51,179.99194,272.76028,131.9060,1.6200,4999.9810,5131.7530,1007.9740
555,9, 15, 0, 0,290.05111,92.57250,1655.7170,1.6200,3446.1910,5567.1100,927.4920
R1,9, 15, 0, 0,359.98972,87.25306,131.9060,1.6200,4999.9770,5131.7540,1007.9430
555,9, 15, 0, 1,110.05500,267.43778,1655.7180,1.6200,3446.2150,5567.2200,927.7920
R1,9, 15, 0, 1,179.99167,272.75972,131.9060,1.6200,4999.9810,5131.7530,1007.9720
555,9, 15, 0, 10,290.04944,92.57444,1655.7090,1.6200,3446.1860,5567.0650,927.4360
R1,9, 15, 0, 10,359.99056,87.25278,131.9060,1.6200,4999.9780,5131.7540,1007.9430
555,9, 15, 0, 11,110.05167,267.43833,1655.7050,1.6200,3446.1970,5567.1290,927.8050
R1,9, 15, 0, 11,179.99028,272.76028,131.9060,1.6200,4999.9770,5131.7520,1007.9740
555,9, 15, 0, 20,290.04583,92.57361,1655.6990,1.6200,3446.1570,5566.9590,927.4640
R1,9, 15, 0, 20,359.98944,87.25306,131.9060,1.6200,4999.9760,5131.7540,1007.9430
555,9, 15, 0, 21,110.05000,267.44083,1655.6990,1.6200,3446.1800,5567.0780,927.8760
R1,9, 15, 0, 21,179.99000,272.76083,131.9060,1.6200,4999.9770,5131.7530,1007.9740
555,9, 15, 0, 30,290.04583,92.57528,1655.6870,1.6200,3446.1720,5566.9590,927.4120
R1,9, 15, 0, 30,359.99083,87.25306,131.9060,1.6200,4999.9790,5131.7540,1007.9430
555,9, 15, 0, 31,110.04750,267.43694,1655.6870,1.6200,3446.1730,5567.0050,927.7650
R1,9, 15, 0, 31,179.99139,272.75944,131.9060,1.6200,4999.9800,5131.7530,1007.9720
555,9, 15, 0, 40,290.04389,92.57528,1655.6810,1.6200,3446.1560,5566.8990,927.4130
R1,9, 15, 0, 40,359.98889,87.25194,131.9060,1.6200,4999.9740,5131.7540,1007.9450
555,9, 15, 0, 41,110.04472,267.43722,1655.6770,1.6200,3446.1530,5566.9280,927.7770
R1,9, 15, 0, 41,179.99167,272.75750,131.9060,1.6200,4999.9810,5131.7530,1007.9670
555,9, 15, 0, 50,290.04417,92.57500,1655.6670,1.6200,3446.1710,5566.9010,927.4190
R1,9, 15, 0, 50,359.99056,87.25333,131.9060,1.6200,4999.9780,5131.7540,1007.9420
555,9, 15, 0, 51,110.04500,267.43750,1655.6670,1.6200,3446.1650,5566.9320,927.7810
R1,9, 15, 0, 51,179.99250,272.75944,131.9060,1.6200,4999.9830,5131.7530,1007.9720
555,9, 15, 1, 0,290.03611,92.57500,1655.6580,1.6200,3446.1020,5566.6840,927.4240
R1,9, 15, 1, 0,359.98639,87.25361,131.9060,1.6200,4999.9690,5131.7540,1007.9420
555,9, 15, 1, 1,110.03972,267.43917,1655.6570,1.6200,3446.1210,5566.7870,927.8340
R1,9, 15, 1, 1,179.98750,272.76139,131.9060,1.6200,4999.9710,5131.7520,1007.9760
555,9, 15, 1, 10,290.03500,92.57639,1655.6440,1.6200,3446.1050,5566.6470,927.3840
R1,9, 15, 1, 10,359.98861,87.25361,131.9060,1.6200,4999.9740,5131.7540,1007.9410
555,9, 15, 1, 11,110.03861,267.43806,1655.6440,1.6200,3446.1240,5566.7530,927.8020
R1,9, 15, 1, 11,179.99000,272.76083,131.9060,1.6200,4999.9770,5131.7520,1007.9750
555,9, 15, 1, 20,290.03389,92.57611,1655.6340,1.6200,3446.1030,5566.6120,927.3880
R1,9, 15, 1, 20,359.98778,87.25250,131.9060,1.6200,4999.9720,5131.7540,1007.9440
555,9, 15, 1, 21,110.03583,267.43750,1655.6330,1.6200,3446.1080,5566.6740,927.7890
R1,9, 15, 1, 21,179.99000,272.76028,131.9050,1.6200,4999.9770,5131.7520,1007.9740
555,9, 15, 1, 30,290.03083,92.57667,1655.6220,1.6200,3446.0830,5566.5230,927.3800
R1,9, 15, 1, 30,359.98833,87.25389,131.9050,1.6200,4999.9740,5131.7540,1007.9410
555,9, 15, 1, 31,110.03417,267.43667,1655.6210,1.6200,3446.1020,5566.6200,927.7610
R1,9, 15, 1, 31,179.99000,272.76056,131.9050,1.6200,4999.9770,5131.7520,1007.9740
555,9, 15, 1, 40,290.03056,92.57556,1655.6090,1.6200,3446.0930,5566.5150,927.4090
R1,9, 15, 1, 40,359.98972,87.25278,131.9050,1.6200,4999.9760,5131.7540,1007.9430
555,9, 15, 1, 41,110.03306,267.43833,1655.6120,1.6200,3446.0970,5566.5880,927.8130
R1,9, 15, 1, 41,179.99056,272.76083,131.9060,1.6200,4999.9780,5131.7520,1007.9750
555,9, 15, 1, 50,290.02750,92.57472,1655.6010,1.6200,3446.0690,5566.4270,927.4300
R1,9, 15, 1, 50,359.98806,87.25333,131.9050,1.6200,4999.9720,5131.7540,1007.9420
555,9, 15, 1, 51,110.02917,267.43778,1655.6000,1.6200,3446.0710,5566.4800,927.7960
R1,9, 15, 1, 51,179.99111,272.76111,131.9050,1.6200,4999.9800,5131.7520,1007.9750
555,9, 15, 2, 0,290.02500,92.57472,1655.5920,1.6200,3446.0540,5566.3610,927.4330
R1,9, 15, 2, 0,359.98750,87.25278,131.9060,1.6200,4999.9720,5131.7540,1007.9430
555,9, 15, 2, 1,110.02806,267.43750,1655.5900,1.6200,3446.0710,5566.4460,927.7910
R1,9, 15, 2, 1,179.99000,272.75972,131.9060,1.6200,4999.9770,5131.7530,1007.9720
555,9, 15, 2, 10,290.02111,92.57417,1655.5790,1.6200,3446.0250,5566.2470,927.4530
R1,9, 15, 2, 10,359.98722,87.25222,131.9060,1.6200,4999.9710,5131.7540,1007.9450
555,9, 15, 2, 11,110.02389,267.43806,1655.5820,1.6200,3446.0370,5566.3310,927.8010
R1,9, 15, 2, 11,179.99000,272.76028,131.9060,1.6200,4999.9770,5131.7530,1007.9730
555,9, 15, 2, 20,290.01944,92.57389,1655.5730,1.6200,3446.0170,5566.2050,927.4590
R1,9, 15, 2, 20,359.98722,87.25222,131.9060,1.6200,4999.9710,5131.7540,1007.9450
555,9, 15, 2, 21,110.02278,267.43611,1655.5700,1.6200,3446.0380,5566.2940,927.7510
R1,9, 15, 2, 21,179.98861,272.75972,131.9060,1.6200,4999.9740,5131.7520,1007.9720
555,9, 15, 2, 30,290.01778,92.57583,1655.5580,1.6200,3446.0140,5566.1480,927.3990
R1,9, 15, 2, 30,359.98722,87.25250,131.9050,1.6200,4999.9710,5131.7540,1007.9440
555,9, 15, 2, 31,110.02111,267.43611,1655.5580,1.6200,3446.0330,5566.2460,927.7520
R1,9, 15, 2, 31,179.98944,272.75861,131.9060,1.6200,4999.9750,5131.7530,1007.9700
555,9, 15, 2, 40,290.01667,92.57556,1655.5470,1.6200,3446.0140,5566.1170,927.4140
R1,9, 15, 2, 40,359.98944,87.25361,131.9060,1.6200,4999.9760,5131.7540,1007.9410
555,9, 15, 2, 41,110.02139,267.43778,1655.5440,1.6200,3446.0460,5566.2460,927.7940
R1,9, 15, 2, 41,179.99111,272.76083,131.9050,1.6200,4999.9800,5131.7520,1007.9750
555,9, 15, 2, 50,290.01389,92.57583,1655.5360,1.6200,3445.9980,5566.0410,927.4080
R1,9, 15, 2, 50,359.99056,87.25333,131.9060,1.6200,4999.9780,5131.7540,1007.9420
555,9, 15, 2, 51,110.01778,267.43778,1655.5320,1.6200,3446.0230,5566.1470,927.7980
R1,9, 15, 2, 51,179.99111,272.76139,131.9060,1.6200,4999.9800,5131.7520,1007.9760
555,9, 15, 3, 0,290.01194,92.57472,1655.5250,1.6200,3445.9890,5565.9860,927.4330
R1,9, 15, 3, 0,359.98917,87.25278,131.9060,1.6200,4999.9750,5131.7540,1007.9440
555,9, 15, 3, 1,110.01556,267.43833,1655.5220,1.6200,3446.0110,5566.0870,927.8130
R1,9, 15, 3, 1,179.99083,272.76056,131.9060,1.6200,4999.9790,5131.7530,1007.9740
555,9, 15, 3, 10,290.00972,92.57556,1655.5130,1.6200,3445.9770,5565.9150,927.4160
R1,9, 15, 3, 10,359.98917,87.25167,131.9060,1.6200,4999.9750,5131.7540,1007.9460
555,9, 15, 3, 11,110.01194,267.43694,1655.5120,1.6200,3445.9860,5565.9850,927.7710
R1,9, 15, 3, 11,179.98972,272.76056,131.9060,1.6200,4999.9760,5131.7530,1007.9740
555,9, 15, 3, 20,290.00750,92.57583,1655.5030,1.6200,3445.9650,5565.8530,927.4050
R1,9, 15, 3, 20,359.98778,87.25528,131.9060,1.6200,4999.9720,5131.7550,1007.9370
R1,9, 15, 3, 21,179.99083,272.76000,131.9060,1.6200,4999.9790,5131.7530,1007.9730
555,9, 15, 3, 30,290.00361,92.57583,1655.4870,1.6200,3445.9420,5565.7440,927.4060
R1,9, 15, 3, 30,359.98833,87.25222,131.9060,1.6200,4999.9730,5131.7540,1007.9450
555,9, 15, 3, 31,110.00778,267.43444,1655.4890,1.6200,3445.9690,5565.8610,927.7020
R1,9, 15, 3, 31,179.98944,272.75833,131.9060,1.6200,4999.9760,5131.7530,1007.9690
555,9, 15, 3, 40,290.00389,92.57667,1655.4780,1.6200,3445.9530,5565.7430,927.3800
R1,9, 15, 3, 40,359.98806,87.25389,131.9060,1.6200,4999.9720,5131.7540,1007.9410
555,9, 15, 3, 41,110.00694,267.43444,1655.4770,1.6200,3445.9720,5565.8350,927.7050
R1,9, 15, 3, 41,179.99194,272.76028,131.9060,1.6200,4999.9820,5131.7530,1007.9730
555,9, 15, 3, 50,290.00444,92.57917,1655.4620,1.6200,3445.9780,5565.7590,927.3150
R1,9, 15, 3, 50,359.99028,87.25250,131.9060,1.6200,4999.9780,5131.7540,1007.9440
555,9, 15, 3, 51,110.00611,267.43611,1655.4620,1.6200,3445.9740,5565.8050,927.7550
R1,9, 15, 3, 51,179.99333,272.76000,131.9060,1.6200,4999.9850,5131.7530,1007.9730
555,9, 15, 4, 0,290.00167,92.57667,1655.4520,1.6200,3445.9560,5565.6780,927.3850
R1,9, 15, 4, 0,359.99056,87.25278,131.9060,1.6200,4999.9780,5131.7540,1007.9430
555,9, 15, 4, 1,110.00528,267.43583,1655.4470,1.6200,3445.9800,5565.7750,927.7420
R1,9, 15, 4, 1,179.99194,272.76056,131.9060,1.6200,4999.9810,5131.7530,1007.9740
555,9, 15, 4, 10,289.99778,92.57722,1655.4380,1.6200,3445.9310,5565.5640,927.3680
R1,9, 15, 4, 10,359.98833,87.25306,131.9060,1.6200,4999.9730,5131.7540,1007.9430
555,9, 15, 4, 11,110.00111,267.43556,1655.4360,1.6200,3445.9510,5565.6630,927.7370
R1,9, 15, 4, 11,179.99083,272.76167,131.9060,1.6200,4999.9790,5131.7520,1007.9770
555,9, 15, 4, 20,289.99611,92.57778,1655.4270,1.6200,3445.9270,5565.5200,927.3530
R1,9, 15, 4, 20,359.98944,87.25361,131.9060,1.6200,4999.9760,5131.7540,1007.9410
555,9, 15, 4, 21,109.99944,267.43667,1655.4270,1.6200,3445.9430,5565.6160,927.7690
R1,9, 15, 4, 21,179.99250,272.76028,131.9060,1.6200,4999.9830,5131.7530,1007.9740
555,9, 15, 4, 30,289.99444,92.57917,1655.4140,1.6200,3445.9240,5565.4660,927.3130
R1,9, 15, 4, 30,359.98972,87.25417,131.9060,1.6200,4999.9760,5131.7540,1007.9400
555,9, 15, 4, 31,109.99694,267.43500,1655.4120,1.6200,3445.9320,5565.5390,927.7230
R1,9, 15, 4, 31,179.99139,272.75972,131.9060,1.6200,4999.9800,5131.7530,1007.9720
555,9, 15, 4, 40,289.99111,92.57611,1655.3990,1.6200,3445.9010,5565.3720,927.3980
R1,9, 15, 4, 40,359.98972,87.25361,131.9060,1.6200,4999.9770,5131.7540,1007.9420
555,9, 15, 4, 41,109.99417,267.43500,1655.3980,1.6200,3445.9180,5565.4570,927.7210
R1,9, 15, 4, 41,179.99139,272.75833,131.9060,1.6200,4999.9800,5131.7530,1007.9690
555,9, 15, 4, 50,289.98750,92.57889,1655.3900,1.6200,3445.8780,5565.2740,927.3240
R1,9, 15, 4, 50,359.98917,87.25333,131.9060,1.6200,4999.9750,5131.7540,1007.9420
555,9, 15, 4, 51,109.99194,267.43389,1655.3840,1.6200,3445.9110,5565.3960,927.6940
R1,9, 15, 4, 51,179.99056,272.75972,131.9060,1.6200,4999.9790,5131.7530,1007.9720
555,9, 15, 5, 0,289.98611,92.57861,1655.3750,1.6200,3445.8770,5565.2280,927.3270
R1,9, 15, 5, 0,359.98861,87.25278,131.9060,1.6200,4999.9740,5131.7540,1007.9430
555,9, 15, 5, 1,109.99000,267.43167,1655.3740,1.6200,3445.9050,5565.3400,927.6320
R1,9, 15, 5, 1,179.99139,272.75917,131.9060,1.6200,4999.9800,5131.7530,1007.9710
555,9, 15, 5, 10,289.98444,92.58028,1655.3610,1.6200,3445.8760,5565.1790,927.2850
R1,9, 15, 5, 10,359.98861,87.25333,131.9060,1.6200,4999.9740,5131.7540,1007.9420
555,9, 15, 5, 11,109.98722,267.43278,1655.3550,1.6200,3445.8940,5565.2580,927.6630
R1,9, 15, 5, 11,179.99139,272.75944,131.9060,1.6200,4999.9800,5131.7530,1007.9720
555,9, 15, 5, 20,289.98194,92.58056,1655.3450,1.6200,3445.8680,5565.1070,927.2780
R1,9, 15, 5, 20,359.98917,87.25333,131.9060,1.6200,4999.9750,5131.7540,1007.9420
555,9, 15, 5, 21,109.98583,267.43333,1655.3470,1.6200,3445.8870,5565.2150,927.6770
R1,9, 15, 5, 21,179.99139,272.76139,131.9060,1.6200,4999.9800,5131.7520,1007.9760
555,9, 15, 5, 30,289.97972,92.58083,1655.3320,1.6200,3445.8560,5565.0360,927.2660
R1,9, 15, 5, 30,359.98861,87.25250,131.9060,1.6200,4999.9740,5131.7540,1007.9440
555,9, 15, 5, 31,109.98222,267.43194,1655.3350,1.6200,3445.8650,5565.1160,927.6370
R1,9, 15, 5, 31,179.99000,272.75972,131.9060,1.6200,4999.9770,5131.7530,1007.9720
555,9, 15, 5, 40,289.97778,92.57972,1655.3230,1.6200,3445.8450,5564.9820,927.2990
R1,9, 15, 5, 40,359.98889,87.25278,131.9060,1.6200,4999.9750,5131.7540,1007.9430
555,9, 15, 5, 41,109.98028,267.43333,1655.3190,1.6200,3445.8590,5565.0580,927.6780
R1,9, 15, 5, 41,179.99083,272.76111,131.9050,1.6200,4999.9790,5131.7520,1007.9750
555,9, 15, 5, 50,289.97472,92.57694,1655.3130,1.6200,3445.8200,5564.8960,927.3800
R1,9, 15, 5, 50,359.98806,87.25306,131.9060,1.6200,4999.9730,5131.7540,1007.9420
555,9, 15, 5, 51,109.97639,267.43250,1655.3110,1.6200,3445.8280,5564.9490,927.6590
R1,9, 15, 5, 51,179.98972,272.76056,131.9060,1.6200,4999.9770,5131.7530,1007.9740
555,9, 15, 6, 0,289.97167,92.57944,1655.3020,1.6200,3445.8050,5564.8120,927.3130
R1,9, 15, 6, 0,359.98750,87.25250,131.9060,1.6200,4999.9710,5131.7540,1007.9440
555,9, 15, 6, 1,109.97500,267.43222,1655.3030,1.6200,3445.8220,5564.9060,927.6480
R1,9, 15, 6, 1,179.98972,272.75972,131.9060,1.6200,4999.9760,5131.7530,1007.9720
555,9, 15, 6, 10,289.96972,92.58056,1655.2840,1.6200,3445.8040,5564.7530,927.2800
R1,9, 15, 6, 10,359.98778,87.25306,131.9060,1.6200,4999.9720,5131.7540,1007.9430
555,9, 15, 6, 11,109.97278,267.43167,1655.2820,1.6200,3445.8230,5564.8420,927.6290
R1,9, 15, 6, 11,179.99111,272.76083,131.9060,1.6200,4999.9790,5131.7530,1007.9750
555,9, 15, 6, 20,289.96694,92.58111,1655.2750,1.6200,3445.7850,5564.6730,927.2600
R1,9, 15, 6, 20,359.98806,87.25278,131.9060,1.6200,4999.9720,5131.7540,1007.9430
555,9, 15, 6, 21,109.97000,267.43139,1655.2700,1.6200,3445.8050,5564.7580,927.6250
R1,9, 15, 6, 21,179.99000,272.76028,131.9060,1.6200,4999.9770,5131.7520,1007.9740
555,9, 15, 6, 30,289.96444,92.58167,1655.2620,1.6200,3445.7730,5564.5990,927.2520
R1,9, 15, 6, 30,359.98778,87.25222,131.9060,1.6200,4999.9720,5131.7540,1007.9450
555,9, 15, 6, 31,109.96806,267.43222,1655.2600,1.6200,3445.7950,5564.7070,927.6510
R1,9, 15, 6, 31,179.99028,272.76139,131.9060,1.6200,4999.9770,5131.7520,1007.9760
555,9, 15, 6, 40,289.96333,92.58139,1655.2510,1.6200,3445.7740,5564.5680,927.2580
R1,9, 15, 6, 40,359.98722,87.25250,131.9060,1.6200,4999.9710,5131.7540,1007.9440
555,9, 15, 6, 41,109.96500,267.43083,1655.2510,1.6200,3445.7740,5564.6160,927.6070
R1,9, 15, 6, 41,179.98944,272.76000,131.9060,1.6200,4999.9760,5131.7530,1007.9730
555,9, 15, 6, 50,289.96056,92.58000,1655.2370,1.6200,3445.7570,5564.4880,927.2990
R1,9, 15, 6, 50,359.98750,87.24917,131.9060,1.6200,4999.9710,5131.7540,1007.9520
555,9, 15, 6, 51,109.96222,267.43250,1655.2370,1.6200,3445.7590,5564.5400,927.6580
R1,9, 15, 6, 51,179.98944,272.76139,131.9060,1.6200,4999.9760,5131.7530,1007.9760
555,9, 15, 7, 0,289.95583,92.58083,1655.2270,1.6200,3445.7210,5564.3560,927.2760
R1,9, 15, 7, 0,359.98528,87.25194,131.9060,1.6200,4999.9660,5131.7540,1007.9450
555,9, 15, 7, 1,109.95806,267.43111,1655.2260,1.6200,3445.7300,5564.4220,927.6160
R1,9, 15, 7, 1,179.98750,272.75972,131.9060,1.6200,4999.9720,5131.7530,1007.9720
555,9, 15, 7, 10,289.95500,92.58111,1655.2160,1.6200,3445.7220,5564.3250,927.2630
R1,9, 15, 7, 10,359.98722,87.25167,131.9060,1.6200,4999.9710,5131.7540,1007.9460
555,9, 15, 7, 11,109.95833,267.43167,1655.2160,1.6200,3445.7410,5564.4250,927.6350
R1,9, 15, 7, 11,179.98917,272.75972,131.9060,1.6200,4999.9750,5131.7530,1007.9720
555,9, 15, 7, 20,289.95278,92.58222,1655.2010,1.6200,3445.7170,5564.2650,927.2370
R1,9, 15, 7, 20,359.98722,87.25167,131.9060,1.6200,4999.9710,5131.7540,1007.9460
555,9, 15, 7, 21,109.95583,267.43056,1655.2010,1.6200,3445.7310,5564.3500,927.6070
R1,9, 15, 7, 21,179.98833,272.75972,131.9060,1.6200,4999.9730,5131.7530,1007.9720
555,9, 15, 7, 30,289.95250,92.58056,1655.1920,1.6200,3445.7210,5564.2530,927.2800
R1,9, 15, 7, 30,359.99028,87.25306,131.9060,1.6200,4999.9770,5131.7540,1007.9430
555,9, 15, 7, 31,109.95583,267.43194,1655.1910,1.6200,3445.7400,5564.3520,927.6440
R1,9, 15, 7, 31,179.99083,272.76000,131.9060,1.6200,4999.9790,5131.7530,1007.9730
555,9, 15, 7, 40,289.95083,92.58000,1655.1800,1.6200,3445.7150,5564.2030,927.3020
R1,9, 15, 7, 40,359.99000,87.25306,131.9060,1.6200,4999.9770,5131.7550,1007.9430
555,9, 15, 7, 41,109.95306,267.43417,1655.1800,1.6200,3445.7190,5564.2680,927.7060
R1,9, 15, 7, 41,179.99139,272.76083,131.9060,1.6200,4999.9800,5131.7530,1007.9750
555,9, 15, 7, 50,289.94917,92.58389,1655.1710,1.6200,3445.7110,5564.1540,927.1890
R1,9, 15, 7, 50,359.98861,87.25306,131.9060,1.6200,4999.9740,5131.7540,1007.9420
555,9, 15, 7, 51,109.95222,267.43056,1655.1680,1.6200,3445.7260,5564.2390,927.6040
R1,9, 15, 7, 51,179.99028,272.76056,131.9060,1.6200,4999.9780,5131.7530,1007.9740
555,9, 15, 8, 0,289.94667,92.58250,1655.1580,1.6200,3445.6980,5564.0850,927.2300
R1,9, 15, 8, 0,359.98917,87.25333,131.9060,1.6200,4999.9750,5131.7540,1007.9420
555,9, 15, 8, 1,109.95028,267.42972,1655.1540,1.6200,3445.7220,5564.1840,927.5780
R1,9, 15, 8, 1,179.99139,272.76111,131.9060,1.6200,4999.9800,5131.7520,1007.9760
555,9, 15, 8, 10,289.94556,92.58250,1655.1490,1.6200,3445.6960,5564.0530,927.2270
R1,9, 15, 8, 10,359.98944,87.25306,131.9060,1.6200,4999.9760,5131.7540,1007.9430
R1,9, 15, 8, 11,179.99139,272.76028,131.9060,1.6200,4999.9800,5131.7530,1007.9740
555,9, 15, 8, 20,289.94222,92.58278,1655.1360,1.6200,3445.6730,5563.9510,927.2240
R1,9, 15, 8, 20,359.98833,87.25306,131.9060,1.6200,4999.9730,5131.7540,1007.9430
555,9, 15, 8, 21,109.94417,267.43056,1655.1350,1.6200,3445.6800,5564.0150,927.6040
R1,9, 15, 8, 21,179.99083,272.76056,131.9060,1.6200,4999.9790,5131.7530,1007.9740
555,9, 15, 8, 30,289.94056,92.58306,1655.1260,1.6200,3445.6670,5563.9020,927.2110
R1,9, 15, 8, 30,359.98833,87.25278,131.9060,1.6200,4999.9730,5131.7540,1007.9440
555,9, 15, 8, 31,109.94306,267.42972,1655.1290,1.6200,3445.6740,5563.9780,927.5850
R1,9, 15, 8, 31,179.99111,272.76000,131.9060,1.6200,4999.9800,5131.7530,1007.9730
555,9, 15, 8, 40,289.93806,92.58333,1655.1180,1.6200,3445.6530,5563.8370,927.2040
R1,9, 15, 8, 40,359.99000,87.25361,131.9060,1.6200,4999.9770,5131.7540,1007.9420
555,9, 15, 8, 41,109.94111,267.42889,1655.1160,1.6200,3445.6680,5563.9210,927.5630
R1,9, 15, 8, 41,179.99167,272.76000,131.9060,1.6200,4999.9810,5131.7530,1007.9730
555,9, 15, 8, 50,289.93556,92.58250,1655.1070,1.6200,3445.6360,5563.7630,927.2330
R1,9, 15, 8, 50,359.98806,87.25194,131.9060,1.6200,4999.9730,5131.7540,1007.9450
555,9, 15, 8, 51,109.93778,267.42972,1655.1050,1.6200,3445.6450,5563.8300,927.5830
R1,9, 15, 8, 51,179.99028,272.76028,131.9060,1.6200,4999.9770,5131.7530,1007.9740
555,9, 15, 9, 0,289.93528,92.58333,1655.0940,1.6200,3445.6450,5563.7510,927.2100
R1,9, 15, 9, 0,359.98833,87.25361,131.9060,1.6200,4999.9730,5131.7540,1007.9420
555,9, 15, 9, 1,109.93694,267.42944,1655.0950,1.6200,3445.6460,5563.8030,927.5790
R1,9, 15, 9, 1,179.99083,272.75972,131.9060,1.6200,4999.9790,5131.7530,1007.9720
555,9, 15, 9, 10,289.93194,92.58306,1655.0880,1.6200,3445.6180,5563.6570,927.2120
R1,9, 15, 9, 10,359.98778,87.25222,131.9060,1.6200,4999.9720,5131.7540,1007.9450
555,9, 15, 9, 11,109.93444,267.42889,1655.0860,1.6200,3445.6310,5563.7310,927.5630
R1,9, 15, 9, 11,179.99139,272.76028,131.9060,1.6200,4999.9800,5131.7530,1007.9730
555,9, 15, 9, 20,289.93056,92.58278,1655.0790,1.6200,3445.6140,5563.6210,927.2240
R1,9, 15, 9, 20,359.98972,87.25222,131.9060,1.6200,4999.9770,5131.7540,1007.9450
555,9, 15, 9, 21,109.93278,267.42833,1655.0780,1.6200,3445.6230,5563.6870,927.5490
R1,9, 15, 9, 21,179.99111,272.76139,131.9060,1.6200,4999.9800,5131.7530,1007.9760
555,9, 15, 9, 30,289.92917,92.58389,1655.0670,1.6200,3445.6120,5563.5770,927.1940
R1,9, 15, 9, 30,359.98889,87.25111,131.9060,1.6200,4999.9740,5131.7540,1007.9470
555,9, 15, 9, 31,109.93167,267.43000,1655.0670,1.6200,3445.6190,5563.6490,927.5910
R1,9, 15, 9, 31,179.99250,272.76167,131.9060,1.6200,4999.9830,5131.7530,1007.9770
555,9, 15, 9, 40,289.92750,92.58389,1655.0580,1.6200,3445.6040,5563.5260,927.1900
R1,9, 15, 9, 40,359.98917,87.25250,131.9060,1.6200,4999.9750,5131.7540,1007.9440
555,9, 15, 9, 41,109.92972,267.42917,1655.0570,1.6200,3445.6100,5563.5910,927.5670
R1,9, 15, 9, 41,179.99194,272.76111,131.9060,1.6200,4999.9810,5131.7530,1007.9750
555,9, 15, 9, 50,289.92528,92.58472,1655.0470,1.6200,3445.5940,5563.4630,927.1690
R1,9, 15, 9, 50,359.98917,87.25306,131.9060,1.6200,4999.9750,5131.7540,1007.9430
555,9, 15, 9, 51,109.92722,267.43000,1655.0450,1.6200,3445.5960,5563.5190,927.5930
R1,9, 15, 9, 51,179.99083,272.76000,131.9060,1.6200,4999.9790,5131.7530,1007.9730
555,9, 15, 10, 0,289.92250,92.58417,1655.0400,1.6200,3445.5730,5563.3880,927.1860
R1,9, 15, 10, 0,359.98917,87.25306,131.9060,1.6200,4999.9750,5131.7540,1007.9430
555,9, 15, 10, 1,109.92583,267.42889,1655.0380,1.6200,3445.5900,5563.4780,927.5660
R1,9, 15, 10, 1,179.99167,272.76083,131.9060,1.6200,4999.9810,5131.7530,1007.9750
555,9, 15, 10, 10,289.92111,92.58222,1655.0300,1.6200,3445.5650,5563.3420,927.2390
R1,9, 15, 10, 10,359.99000,87.25250,131.9060,1.6200,4999.9770,5131.7540,1007.9440
555,9, 15, 10, 11,109.92306,267.43083,1655.0310,1.6200,3445.5670,5563.4010,927.6210
R1,9, 15, 10, 11,179.99194,272.76028,131.9060,1.6200,4999.9820,5131.7530,1007.9740
555,9, 15, 10, 20,289.91861,92.58194,1655.0210,1.6200,3445.5480,5563.2720,927.2500
R1,9, 15, 10, 20,359.99139,87.25056,131.9060,1.6200,4999.9800,5131.7540,1007.9480
555,9, 15, 10, 21,109.92194,267.42778,1655.0220,1.6200,3445.5690,5563.3690,927.5290
R1,9, 15, 10, 21,179.99167,272.75944,131.9060,1.6200,4999.9810,5131.7530,1007.9710
555,9, 15, 10, 30,289.91667,92.58222,1655.0150,1.6200,3445.5350,5563.2170,927.2440
R1,9, 15, 10, 30,359.98972,87.25167,131.9060,1.6200,4999.9770,5131.7540,1007.9460
555,9, 15, 10, 31,109.91944,267.42972,1655.0110,1.6200,3445.5520,5563.2990,927.5880
R1,9, 15, 10, 31,179.99167,272.76167,131.9060,1.6200,4999.9810,5131.7520,1007.9770
555,9, 15, 10, 40,289.91556,92.58472,1655.0050,1.6200,3445.5360,5563.1830,927.1740
R1,9, 15, 10, 40,359.98833,87.25278,131.9060,1.6200,4999.9730,5131.7540,1007.9430
555,9, 15, 10, 41,109.91722,267.42917,1655.0010,1.6200,3445.5410,5563.2350,927.5770
R1,9, 15, 10, 41,179.99139,272.76000,131.9060,1.6200,4999.9800,5131.7530,1007.9730
555,9, 15, 10, 50,289.91417,92.58306,1654.9930,1.6200,3445.5320,5563.1430,927.2230
R1,9, 15, 10, 50,359.98944,87.25306,131.9060,1.6200,4999.9760,5131.7540,1007.9420
555,9, 15, 10, 51,109.91667,267.42861,1654.9920,1.6200,3445.5440,5563.2150,927.5600
R1,9, 15, 10, 51,179.99278,272.76000,131.9060,1.6200,4999.9830,5131.7530,1007.9730
555,9, 15, 11, 0,289.91111,92.58417,1654.9870,1.6200,3445.5110,5563.0610,927.1860
R1,9, 15, 11, 0,359.98861,87.25278,131.9060,1.6200,4999.9740,5131.7550,1007.9430
555,9, 15, 11, 1,109.91361,267.42806,1654.9850,1.6200,3445.5210,5563.1300,927.5450
R1,9, 15, 11, 1,179.99083,272.76000,131.9060,1.6200,4999.9790,5131.7530,1007.9730
555,9, 15, 11, 10,289.91083,92.58333,1654.9780,1.6200,3445.5140,5563.0460,927.2100
R1,9, 15, 11, 10,359.98917,87.25333,131.9060,1.6200,4999.9750,5131.7540,1007.9420
555,9, 15, 11, 11,109.91167,267.42917,1654.9740,1.6200,3445.5120,5563.0770,927.5730
R1,9, 15, 11, 11,179.99222,272.76000,131.9060,1.6200,4999.9820,5131.7530,1007.9730
555,9, 15, 11, 20,289.90778,92.58444,1654.9660,1.6200,3445.4970,5562.9610,927.1830
R1,9, 15, 11, 20,359.98944,87.25194,131.9060,1.6200,4999.9760,5131.7540,1007.9450
555,9, 15, 11, 21,109.91083,267.43028,1654.9660,1.6200,3445.5090,5563.0500,927.6060
R1,9, 15, 11, 21,179.99167,272.76083,131.9050,1.6200,4999.9810,5131.7520,1007.9750
555,9, 15, 11, 30,289.90444,92.58444,1654.9600,1.6200,3445.4690,5562.8650,927.1830
R1,9, 15, 11, 30,359.98917,87.25389,131.9060,1.6200,4999.9750,5131.7540,1007.9410
555,9, 15, 11, 31,109.90694,267.42889,1654.9560,1.6200,3445.4830,5562.9420,927.5680
R1,9, 15, 11, 31,179.99111,272.76056,131.9060,1.6200,4999.9800,5131.7530,1007.9740
555,9, 15, 11, 40,289.90278,92.58389,1654.9490,1.6200,3445.4630,5562.8180,927.1970
R1,9, 15, 11, 40,359.99000,87.25222,131.9060,1.6200,4999.9770,5131.7540,1007.9450
555,9, 15, 11, 41,109.90611,267.42833,1654.9490,1.6200,3445.4810,5562.9140,927.5520
R1,9, 15, 11, 41,179.99083,272.76083,131.9090,1.6200,4999.9790,5131.7560,1007.9750
555,9, 15, 11, 50,289.90111,92.58528,1654.9410,1.6200,3445.4570,5562.7730,927.1620
R1,9, 15, 11, 50,359.98889,87.25306,131.9060,1.6200,4999.9750,5131.7540,1007.9430
555,9, 15, 11, 51,109.90333,267.42861,1654.9410,1.6200,3445.4610,5562.8370,927.5550
R1,9, 15, 11, 51,179.99056,272.76000,131.9060,1.6200,4999.9780,5131.7530,1007.9730
555,9, 15, 12, 0,289.89917,92.58444,1654.9320,1.6200,3445.4450,5562.7160,927.1810
R1,9, 15, 12, 0,359.98917,87.25278,131.9060,1.6200,4999.9750,5131.7540,1007.9440
555,9, 15, 12, 1,109.90194,267.43028,1654.9320,1.6200,3445.4550,5562.8000,927.6070
R1,9, 15, 12, 1,179.99111,272.76028,131.9060,1.6200,4999.9800,5131.7530,1007.9730
555,9, 15, 12, 10,289.89806,92.58389,1654.9230,1.6200,3445.4410,5562.6820,927.1950
R1,9, 15, 12, 10,359.98889,87.25333,131.9060,1.6200,4999.9740,5131.7540,1007.9420
555,9, 15, 12, 11,109.90000,267.42833,1654.9210,1.6200,3445.4470,5562.7390,927.5510
R1,9, 15, 12, 11,179.99194,272.76083,131.9060,1.6200,4999.9810,5131.7530,1007.9750
555,9, 15, 12, 20,289.89583,92.58528,1654.9140,1.6200,3445.4310,5562.6220,927.1620
R1,9, 15, 12, 20,359.98944,87.25389,131.9050,1.6200,4999.9760,5131.7540,1007.9410
555,9, 15, 12, 21,109.89806,267.42806,1654.9120,1.6200,3445.4370,5562.6810,927.5420
R1,9, 15, 12, 21,179.99222,272.76028,131.9050,1.6200,4999.9820,5131.7520,1007.9730
555,9, 15, 12, 30,289.89306,92.58472,1654.9030,1.6200,3445.4120,5562.5390,927.1760
R1,9, 15, 12, 30,359.98972,87.25222,131.9060,1.6200,4999.9770,5131.7540,1007.9440
555,9, 15, 12, 31,109.89528,267.42806,1654.9040,1.6200,3445.4180,5562.6070,927.5480
R1,9, 15, 12, 31,179.99083,272.76083,131.9060,1.6200,4999.9790,5131.7530,1007.9740
555,9, 15, 12, 40,289.89333,92.58417,1654.8950,1.6200,3445.4230,5562.5470,927.1900
R1,9, 15, 12, 40,359.99000,87.25306,131.9060,1.6200,4999.9770,5131.7540,1007.9430
555,9, 15, 12, 41,109.89528,267.42861,1654.8930,1.6200,3445.4270,5562.6040,927.5640
R1,9, 15, 12, 41,179.99194,272.75806,131.9060,1.6200,4999.9820,5131.7530,1007.9690
555,9, 15, 12, 50,289.88944,92.58417,1654.8860,1.6200,3445.3930,5562.4390,927.1910
R1,9, 15, 12, 50,359.98944,87.25306,131.9050,1.6200,4999.9760,5131.7540,1007.9430
555,9, 15, 12, 51,109.89167,267.42833,1654.8830,1.6200,3445.4010,5562.5020,927.5520
R1,9, 15, 12, 51,179.99222,272.76000,131.9050,1.6200,4999.9820,5131.7520,1007.9730
555,9, 15, 13, 0,289.88611,92.58444,1654.8770,1.6200,3445.3690,5562.3450,927.1840
R1,9, 15, 13, 0,359.98889,87.25333,131.9060,1.6200,4999.9750,5131.7540,1007.9420
555,9, 15, 13, 1,109.88917,267.42806,1654.8730,1.6200,3445.3870,5562.4300,927.5480
R1,9, 15, 13, 1,179.99083,272.76083,131.9060,1.6200,4999.9790,5131.7520,1007.9750
555,9, 15, 13, 10,289.88444,92.58528,1654.8670,1.6200,3445.3640,5562.2960,927.1640
R1,9, 15, 13, 10,359.98917,87.25361,131.9060,1.6200,4999.9750,5131.7540,1007.9420
555,9, 15, 13, 11,109.88861,267.42778,1654.8650,1.6200,3445.3890,5562.4110,927.5360
R1,9, 15, 13, 11,179.99167,272.75972,131.9060,1.6200,4999.9810,5131.7530,1007.9720
555,9, 15, 13, 20,289.88306,92.58472,1654.8600,1.6200,3445.3570,5562.2580,927.1740
R1,9, 15, 13, 20,359.98944,87.25278,131.9060,1.6200,4999.9760,5131.7540,1007.9430
555,9, 15, 13, 21,109.88472,267.42694,1654.8570,1.6200,3445.3600,5562.3060,927.5160
R1,9, 15, 13, 21,179.99139,272.75972,131.9050,1.6200,4999.9800,5131.7520,1007.9720
555,9, 15, 13, 30,289.88056,92.58444,1654.8490,1.6200,3445.3420,5562.1860,927.1870
R1,9, 15, 13, 30,359.98917,87.25444,131.9060,1.6200,4999.9750,5131.7540,1007.9400
555,9, 15, 13, 31,109.88278,267.42722,1654.8480,1.6200,3445.3480,5562.2450,927.5260
R1,9, 15, 13, 31,179.99111,272.76028,131.9060,1.6200,4999.9790,5131.7520,1007.9730
555,9, 15, 13, 40,289.87750,92.58361,1654.8380,1.6200,3445.3200,5562.0990,927.2130
R1,9, 15, 13, 40,359.98889,87.25306,131.9060,1.6200,4999.9740,5131.7540,1007.9430
555,9, 15, 13, 41,109.88028,267.42889,1654.8350,1.6200,3445.3340,5562.1760,927.5720
R1,9, 15, 13, 41,179.98917,272.76194,131.9060,1.6200,4999.9750,5131.7530,1007.9770
555,9, 15, 13, 50,289.87889,92.58444,1654.8260,1.6200,3445.3440,5562.1270,927.1880
R1,9, 15, 13, 50,359.98806,87.25306,131.9060,1.6200,4999.9720,5131.7540,1007.9430
555,9, 15, 13, 51,109.88028,267.42750,1654.8270,1.6200,3445.3440,5562.1740,927.5300
R1,9, 15, 13, 51,179.99250,272.76028,131.9050,1.6200,4999.9830,5131.7520,1007.9730
555,9, 15, 14, 0,289.87639,92.58667,1654.8170,1.6200,3445.3320,5562.0580,927.1260
R1,9, 15, 14, 0,359.98944,87.25361,131.9060,1.6200,4999.9760,5131.7540,1007.9420
555,9, 15, 14, 1,109.87833,267.42722,1654.8180,1.6200,3445.3350,5562.1200,927.5230
R1,9, 15, 14, 1,179.99194,272.76028,131.9050,1.6200,4999.9820,5131.7520,1007.9730
555,9, 15, 14, 10,289.87389,92.58611,1654.8110,1.6200,3445.3120,5561.9850,927.1410
R1,9, 15, 14, 10,359.99083,87.25389,131.9050,1.6200,4999.9790,5131.7540,1007.9410
555,9, 15, 14, 11,109.87639,267.42694,1654.8050,1.6200,3445.3270,5562.0610,927.5170
R1,9, 15, 14, 11,179.99139,272.76000,131.9050,1.6200,4999.9800,5131.7520,1007.9730
555,9, 15, 14, 20,289.87194,92.58556,1654.7990,1.6200,3445.3040,5561.9320,927.1580
R1,9, 15, 14, 20,359.98944,87.25250,131.9060,1.6200,4999.9760,5131.7540,1007.9440
555,9, 15, 14, 21,109.87194,267.42778,1654.7980,1.6200,3445.2890,5561.9380,927.5420
R1,9, 15, 14, 21,179.99250,272.76028,131.9060,1.6200,4999.9830,5131.7530,1007.9730
555,9, 15, 14, 30,289.86972,92.58694,1654.7890,1.6200,3445.2920,5561.8640,927.1200
R1,9, 15, 14, 30,359.99000,87.25333,131.9060,1.6200,4999.9770,5131.7540,1007.9420
555,9, 15, 14, 31,109.87167,267.42722,1654.7900,1.6200,3445.2940,5561.9260,927.5300
R1,9, 15, 14, 31,179.99250,272.76083,131.9060,1.6200,4999.9830,5131.7520,1007.9740
555,9, 15, 14, 40,289.86917,92.58694,1654.7760,1.6200,3445.3000,5561.8480,927.1150
R1,9, 15, 14, 40,359.99028,87.25361,131.9050,1.6200,4999.9780,5131.7540,1007.9420
555,9, 15, 14, 41,109.87111,267.42667,1654.7750,1.6200,3445.3030,5561.9050,927.5140
R1,9, 15, 14, 41,179.99222,272.76000,131.9050,1.6200,4999.9820,5131.7520,1007.9730
555,9, 15, 14, 50,289.86556,92.58639,1654.7660,1.6200,3445.2720,5561.7450,927.1340
R1,9, 15, 14, 50,359.98944,87.25306,131.9050,1.6200,4999.9760,5131.7540,1007.9430
555,9, 15, 14, 51,109.86861,267.42667,1654.7660,1.6200,3445.2880,5561.8370,927.5090
R1,9, 15, 14, 51,179.99167,272.76028,131.9060,1.6200,4999.9810,5131.7520,1007.9730
555,9, 15, 15, 0,289.86333,92.58639,1654.7560,1.6200,3445.2610,5561.6850,927.1300
R1,9, 15, 15, 0,359.98889,87.25278,131.9050,1.6200,4999.9750,5131.7540,1007.9440
555,9, 15, 15, 1,109.86667,267.42722,1654.7570,1.6200,3445.2770,5561.7810,927.5300
R1,9, 15, 15, 1,179.99250,272.76083,131.9060,1.6200,4999.9830,5131.7520,1007.9750
555,9, 15, 15, 10,289.86083,92.58500,1654.7480,1.6200,3445.2430,5561.6170,927.1760
R1,9, 15, 15, 10,359.98889,87.25250,131.9050,1.6200,4999.9750,5131.7540,1007.9440
555,9, 15, 15, 11,109.86333,267.42778,1654.7440,1.6200,3445.2550,5561.6850,927.5430
R1,9, 15, 15, 11,179.99139,272.76139,131.9060,1.6200,4999.9800,5131.7520,1007.9760
555,9, 15, 15, 20,289.86000,92.58611,1654.7360,1.6200,3445.2480,5561.5900,927.1460
R1,9, 15, 15, 20,359.98917,87.25194,131.9060,1.6200,4999.9750,5131.7540,1007.9460
555,9, 15, 15, 21,109.86139,267.42611,1654.7320,1.6200,3445.2490,5561.6270,927.4930
R1,9, 15, 15, 21,179.99278,272.75944,131.9050,1.6200,4999.9840,5131.7520,1007.9720
555,9, 15, 15, 30,289.85639,92.58556,1654.7220,1.6200,3445.2240,5561.4850,927.1560
R1,9, 15, 15, 30,359.98861,87.25194,131.9060,1.6200,4999.9740,5131.7540,1007.9450
555,9, 15, 15, 31,109.85861,267.42639,1654.7230,1.6200,3445.2320,5561.5520,927.5040
R1,9, 15, 15, 31,179.99167,272.75917,131.9050,1.6200,4999.9810,5131.7520,1007.9710
555,9, 15, 15, 40,289.85222,92.58583,1654.7140,1.6200,3445.1930,5561.3700,927.1480
R1,9, 15, 15, 40,359.98806,87.25167,131.9050,1.6200,4999.9730,5131.7540,1007.9460
555,9, 15, 15, 41,109.85667,267.42639,1654.7120,1.6200,3445.2220,5561.4950,927.5030
R1,9, 15, 15, 41,179.99139,272.76056,131.9050,1.6200,4999.9800,5131.7520,1007.9740
555,9, 15, 15, 50,289.85028,92.58639,1654.7030,1.6200,3445.1830,5561.3110,927.1330
R1,9, 15, 15, 50,359.98861,87.25278,131.9060,1.6200,4999.9740,5131.7540,1007.9430
555,9, 15, 15, 51,109.85472,267.42472,1654.7020,1.6200,3445.2140,5561.4370,927.4550
R1,9, 15, 15, 51,179.99139,272.76000,131.9050,1.6200,4999.9800,5131.7520,1007.9730
555,9, 15, 16, 0,289.85000,92.58639,1654.6900,1.6200,3445.1930,5561.3010,927.1390
R1,9, 15, 16, 0,359.99000,87.25194,131.9050,1.6200,4999.9770,5131.7540,1007.9450
555,9, 15, 16, 1,109.85333,267.42528,1654.6940,1.6200,3445.2090,5561.3990,927.4720
R1,9, 15, 16, 1,179.99222,272.76056,131.9050,1.6200,4999.9820,5131.7520,1007.9740
555,9, 15, 16, 10,289.84917,92.58583,1654.6800,1.6200,3445.1940,5561.2750,927.1540
R1,9, 15, 16, 10,359.99056,87.25111,131.9060,1.6200,4999.9780,5131.7540,1007.9470
R1,9, 15, 16, 11,179.99222,272.75972,131.9060,1.6200,4999.9820,5131.7530,1007.9720
555,9, 15, 16, 53,289.84222,92.58472,1654.6300,1.6200,3445.1690,5561.0650,927.1860
R1,9, 15, 16, 53,359.99194,87.24972,131.9050,1.6200,4999.9810,5131.7530,1007.9500
555,9, 15, 16, 54,109.84361,267.42500,1654.6320,1.6200,3445.1700,5561.1100,927.4680
R1,9, 15, 16, 54,179.99361,272.76000,131.9060,1.6200,4999.9850,5131.7530,1007.9730
555,9, 15, 16, 55,289.84194,92.58667,1654.6310,1.6200,3445.1700,5561.0630,927.1310
R1,9, 15, 16, 55,359.99417,87.25028,131.9060,1.6200,4999.9870,5131.7540,1007.9490
555,9, 15, 16, 55,109.84500,267.42472,1654.6300,1.6200,3445.1870,5561.1510,927.4630
R1,9, 15, 16, 56,179.99444,272.75889,131.9060,1.6200,4999.9870,5131.7530,1007.9700
555,9, 15, 17, 0,289.81139,92.58583,1654.6230,1.6200,3444.8760,5560.2260,927.1560
R1,9, 15, 17, 0,359.96667,87.25278,131.9080,1.6200,4999.9230,5131.7560,1007.9440
555,9, 15, 17, 1,109.81750,267.42500,1654.6230,1.6200,3444.9220,5560.3950,927.4670
R1,9, 15, 17, 1,179.96917,272.75944,131.9080,1.6200,4999.9290,5131.7550,1007.9710
555,9, 15, 17, 10,289.81167,92.58111,1654.6110,1.6200,3444.8850,5560.2350,927.2940
R1,9, 15, 17, 10,359.96528,87.25389,131.9080,1.6200,4999.9200,5131.7560,1007.9410
555,9, 15, 17, 11,109.81444,267.42806,1654.6100,1.6200,3444.9020,5560.3130,927.5540
R1,9, 15, 17, 11,179.96750,272.76000,131.9090,1.6200,4999.9250,5131.7550,1007.9730
555,9, 15, 17, 20,289.80917,92.58444,1654.6000,1.6200,3444.8740,5560.1580,927.1990
R1,9, 15, 17, 20,359.96417,87.25250,131.9080,1.6200,4999.9180,5131.7560,1007.9440
555,9, 15, 17, 21,109.81056,267.42528,1654.6010,1.6200,3444.8760,5560.2050,927.4760
R1,9, 15, 17, 21,179.96750,272.75806,131.9080,1.6200,4999.9250,5131.7550,1007.9680
