Target	Dec Day	Hang	Vang	Dslope	HI	N local	E local	Z local
111	153.9451389	288.50833	92.63361	1068.073	1.62	3988.233	5338.697	952.621
111	153.9451389	108.50806	267.37778	1068.073	1.62	3988.222	5338.695	952.833
111	153.9590278	288.49778	92.63389	1068.045	1.62	3988.196	5338.499	952.619
111	153.9590278	108.49917	267.3775	1068.044	1.62	3988.198	5338.53	952.828
111	153.9611111	108.49722	267.37889	1068.04	1.62	3988.188	5338.493	952.857
111	153.9618056	288.495	92.63028	1068.041	1.62	3988.182	5338.453	952.682
111	153.9659722	288.49361	92.63139	1068.03	1.62	3988.186	5338.425	952.663
111	153.9673611	108.49306	267.38056	1068.028	1.62	3988.173	5338.414	952.886
111	153.9694444	288.49111	92.63167	1068.023	1.62	3988.177	5338.376	952.659
111	153.9708333	108.49222	267.38083	1068.02	1.62	3988.177	5338.401	952.892
111	153.9791667	288.48472	92.62861	1068.003	1.62	3988.155	5338.257	952.719
111	153.98125	108.48556	267.37889	1068	1.62	3988.158	5338.273	952.855
111	153.9895833	288.47806	92.63222	1067.983	1.62	3988.139	5338.134	952.649
111	153.9916667	108.4775	267.37667	1067.98	1.62	3988.131	5338.125	952.816
111	154	288.47111	92.63028	1067.96	1.62	3988.118	5338.005	952.688
111	154.0020833	108.47333	267.37944	1067.957	1.62	3988.125	5338.043	952.87
111	154.0104167	288.46556	92.63083	1067.939	1.62	3988.105	5337.899	952.681
111	154.0125	108.46556	267.37944	1067.937	1.62	3988.099	5337.9	952.871
111	154.0208333	288.45833	92.63194	1067.915	1.62	3988.086	5337.765	952.66
111	154.0229167	108.4575	267.37944	1067.912	1.62	3988.076	5337.753	952.871
111	154.03125	288.45306	92.63278	1067.896	1.62	3988.073	5337.664	952.643
111	154.0333333	108.45306	267.37944	1067.892	1.62	3988.068	5337.666	952.873
111	154.0416667	288.44556	92.63167	1067.875	1.62	3988.049	5337.526	952.665
111	154.04375	108.44528	267.37833	1067.87	1.62	3988.044	5337.522	952.852
111	154.0520833	288.43806	92.63278	1067.852	1.62	3988.027	5337.385	952.644
111	154.0541667	108.44028	267.37778	1067.848	1.62	3988.035	5337.428	952.844
111	154.0625	288.43278	92.63361	1067.828	1.62	3988.019	5337.285	952.632
111	154.0645833	108.43361	267.37722	1067.825	1.62	3988.018	5337.303	952.834
111	154.0729167	288.42583	92.63417	1067.805	1.62	3988.001	5337.156	952.622
111	154.075	108.42667	267.37667	1067.802	1.62	3988	5337.173	952.823
111	154.0833333	288.41861	92.63278	1067.784	1.62	3987.976	5337.018	952.651
111	154.0847222	108.41917	267.38	1067.782	1.62	3987.972	5337.033	952.887
111	154.09375	288.41139	92.63111	1067.762	1.62	3987.955	5336.888	952.681
111	154.0958333	108.4125	267.37556	1067.758	1.62	3987.959	5336.906	952.805
111	154.1041667	288.405	92.63167	1067.74	1.62	3987.939	5336.769	952.671
111	154.10625	108.40333	267.38028	1067.736	1.62	3987.923	5336.738	952.893
111	154.1145833	288.39806	92.63028	1067.718	1.62	3987.918	5336.64	952.697
111	154.1166667	108.39889	267.38056	1067.713	1.62	3987.917	5336.654	952.901
111	154.125	288.39111	92.63167	1067.694	1.62	3987.899	5336.505	952.673
111	154.1270833	108.39194	267.37806	1067.688	1.62	3987.902	5336.521	952.856
111	154.1354167	288.38583	92.63139	1067.67	1.62	3987.892	5336.408	952.683
111	154.1375	108.38472	267.37833	1067.666	1.62	3987.88	5336.387	952.862
111	154.1458333	288.37806	92.63333	1067.647	1.62	3987.868	5336.26	952.647
111	154.1479167	108.37639	267.37944	1067.642	1.62	3987.854	5336.234	952.883
111	154.15625	288.37056	92.63194	1067.623	1.62	3987.847	5336.123	952.675
111	154.1583333	108.37139	267.37889	1067.62	1.62	3987.846	5336.139	952.872
111	154.1666667	288.365	92.63417	1067.598	1.62	3987.839	5336.013	952.635
111	154.16875	108.36389	267.37528	1067.595	1.62	3987.829	5335.998	952.81
111	154.1770833	288.35778	92.63361	1067.576	1.62	3987.817	5335.878	952.641
111	154.1791667	108.35833	267.37528	1067.573	1.62	3987.817	5335.89	952.808
111	154.1875	288.35111	92.63139	1067.552	1.62	3987.799	5335.753	952.688
111	154.1895833	108.35194	267.37611	1067.548	1.62	3987.802	5335.772	952.827
111	154.1979167	288.34472	92.63389	1067.529	1.62	3987.786	5335.635	952.641
111	154.2	108.34528	267.37639	1067.525	1.62	3987.784	5335.645	952.831
111	154.2083333	288.33778	92.63417	1067.503	1.62	3987.771	5335.505	952.634
111	154.2104167	108.33806	267.37639	1067.501	1.62	3987.765	5335.51	952.832
111	154.21875	288.33083	92.635	1067.48	1.62	3987.752	5335.373	952.62
111	154.2208333	108.33278	267.37417	1067.479	1.62	3987.757	5335.41	952.793
111	154.3229167	288.26639	92.63639	1067.245	1.62	3987.6	5334.161	952.605
111	154.3243056	108.26833	267.3725	1067.243	1.62	3987.606	5334.197	952.772
111	154.3263889	288.26333	92.6375	1067.239	1.62	3987.589	5334.107	952.589
111	154.3277778	108.26472	267.3725	1067.236	1.62	3987.591	5334.128	952.773
111	154.3333333	288.2575	92.63722	1067.224	1.62	3987.569	5333.999	952.594
111	154.3354167	108.26056	267.37222	1067.219	1.62	3987.584	5334.054	952.768
111	154.34375	288.25667	92.6375	1067.201	1.62	3987.586	5333.976	952.589
111	154.3458333	108.25222	267.37556	1067.196	1.62	3987.555	5333.9	952.833
111	154.3541667	288.245	92.63444	1067.177	1.62	3987.538	5333.763	952.644
111	154.35625	108.24944	267.37194	1067.175	1.62	3987.561	5333.843	952.763
111	154.3645833	288.24278	92.63667	1067.154	1.62	3987.548	5333.714	952.604
111	154.3666667	108.24583	267.37333	1067.15	1.62	3987.561	5333.77	952.792
111	154.3875	288.22306	92.63417	1067.106	1.62	3987.477	5333.351	952.654
111	154.3881944	108.22639	267.3725	1067.104	1.62	3987.492	5333.411	952.781
111	154.3958333	288.22556	92.6375	1067.086	1.62	3987.512	5333.387	952.592
111	154.3965278	108.22583	267.37333	1067.084	1.62	3987.508	5333.397	952.794
111	154.40625	288.22528	92.63528	1067.067	1.62	3987.529	5333.381	952.636
111	154.4069444	108.2225	267.3725	1067.064	1.62	3987.508	5333.331	952.78
111	154.4166667	288.22139	92.63806	1067.044	1.62	3987.529	5333.301	952.584
111	154.4173611	108.22528	267.36972	1067.042	1.62	3987.548	5333.373	952.729
111	154.4270833	288.21028	92.63778	1067.023	1.62	3987.484	5333.098	952.589
111	154.4277778	108.20944	267.36972	1067.022	1.62	3987.475	5333.087	952.732
111	154.4375	288.2025	92.63694	1067.003	1.62	3987.458	5332.957	952.608
111	154.4381944	108.205	267.36778	1067.001	1.62	3987.471	5333.001	952.694
111	154.4548611	108.1975	267.36972	1066.964	1.62	3987.46	5332.857	952.733
111	154.4583333	288.19278	92.64056	1066.958	1.62	3987.446	5332.769	952.544
111	154.4597222	108.1975	267.3675	1066.956	1.62	3987.47	5332.857	952.695
111	154.46875	288.18417	92.63667	1066.936	1.62	3987.414	5332.61	952.615
111	154.4694444	108.18667	267.3675	1066.935	1.62	3987.426	5332.654	952.692
111	154.4805556	288.1775	92.63833	1066.913	1.62	3987.4	5332.488	952.587
111	154.48125	108.17944	267.36806	1066.911	1.62	3987.406	5332.519	952.703
111	154.4902778	288.16972	92.63833	1066.893	1.62	3987.373	5332.342	952.586
111	154.4909722	108.17278	267.37083	1066.89	1.62	3987.386	5332.397	952.758
111	154.5	288.1625	92.63917	1066.872	1.62	3987.352	5332.21	952.574
111	154.5006944	108.16417	267.37028	1066.871	1.62	3987.355	5332.241	952.748
111	154.5041667	288.16028	92.63833	1066.868	1.62	3987.342	5332.169	952.587
111	154.5048611	108.16389	267.37167	1066.862	1.62	3987.361	5332.234	952.777
111	154.5104167	288.16111	92.63889	1066.855	1.62	3987.359	5332.176	952.58
111	154.5111111	108.16083	267.37167	1066.852	1.62	3987.352	5332.173	952.773
111	154.5208333	288.15222	92.6425	1066.834	1.62	3987.332	5332.016	952.509
111	154.5215278	108.15333	267.36806	1066.833	1.62	3987.33	5332.037	952.711
111	154.53125	288.1475	92.64222	1066.814	1.62	3987.322	5331.924	952.518
111	154.5319444	108.14889	267.36833	1066.812	1.62	3987.324	5331.951	952.714
111	154.5416667	288.13889	92.63639	1066.793	1.62	3987.288	5331.769	952.625
111	154.5458333	108.13861	267.36583	1066.781	1.62	3987.295	5331.758	952.671
111	154.5520833	288.13111	92.63972	1066.769	1.62	3987.267	5331.619	952.565
111	154.5527778	108.13472	267.36917	1066.768	1.62	3987.283	5331.689	952.731
111	154.5625	288.12694	92.64083	1066.75	1.62	3987.263	5331.541	952.545
111	154.5631944	108.12833	267.36806	1066.748	1.62	3987.265	5331.566	952.715
111	154.5729167	288.11861	92.64444	1066.726	1.62	3987.241	5331.388	952.48
111	154.7555556	108.00528	267.36944	1066.337	1.62	3986.945	5329.264	952.756
111	154.7569444	288.00083	92.64083	1066.334	1.62	3986.93	5329.181	952.565
111	154.7576389	108.00194	267.36972	1066.331	1.62	3986.932	5329.206	952.761
111	154.7604167	288.00028	92.64167	1066.33	1.62	3986.931	5329.17	952.551
111	154.7611111	108.00028	267.3675	1066.324	1.62	3986.93	5329.172	952.722
111	154.7708333	287.99472	92.64111	1066.304	1.62	3986.924	5329.064	952.565
111	154.7715278	107.99389	267.36694	1066.301	1.62	3986.917	5329.054	952.713
111	154.78125	287.98417	92.63861	1066.283	1.62	3986.881	5328.871	952.61
111	154.7819444	107.98917	267.36806	1066.278	1.62	3986.909	5328.961	952.736
111	154.7916667	287.97861	92.6425	1066.259	1.62	3986.875	5328.765	952.54
111	154.7923611	107.97861	267.36917	1066.256	1.62	3986.869	5328.771	952.756
111	154.8020833	287.9725	92.64583	1066.237	1.62	3986.865	5328.653	952.477
111	154.8027778	107.97528	267.36889	1066.233	1.62	3986.872	5328.705	952.75
111	154.8125	287.96556	92.645	1066.214	1.62	3986.847	5328.523	952.492
111	154.8131944	107.96639	267.36833	1066.212	1.62	3986.842	5328.539	952.743
111	154.8229167	287.96139	92.64528	1066.192	1.62	3986.844	5328.443	952.488
111	154.8236111	107.96278	267.36722	1066.188	1.62	3986.844	5328.465	952.721
111	154.8333333	287.95472	92.64639	1066.17	1.62	3986.827	5328.316	952.47
111	154.8347222	107.95667	267.36639	1066.167	1.62	3986.829	5328.35	952.707
111	154.8534722	107.94444	267.36222	1066.129	1.62	3986.801	5328.125	952.635
111	154.8541667	287.94028	92.64083	1066.126	1.62	3986.781	5328.047	952.574
111	154.8555556	107.94444	267.36861	1066.124	1.62	3986.799	5328.121	952.753
111	154.8645833	287.93278	92.63889	1066.105	1.62	3986.756	5327.908	952.614
111	154.8652778	107.93694	267.36583	1066.103	1.62	3986.778	5327.982	952.703
111	154.875	287.92806	92.64417	1066.085	1.62	3986.753	5327.82	952.514
111	154.8756944	107.93028	267.36583	1066.081	1.62	3986.76	5327.857	952.703
111	154.8854167	287.91917	92.64583	1066.063	1.62	3986.725	5327.655	952.483
111	154.8861111	107.92333	267.36667	1066.058	1.62	3986.743	5327.73	952.718
111	154.8958333	287.91194	92.64444	1066.041	1.62	3986.704	5327.521	952.51
111	154.8965278	107.91139	267.36583	1066.041	1.62	3986.691	5327.512	952.704
111	154.90625	287.90417	92.64528	1066.022	1.62	3986.677	5327.378	952.498
111	154.9069444	107.90583	267.36278	1066.02	1.62	3986.682	5327.406	952.647
111	154.9166667	287.89444	92.64472	1066.003	1.62	3986.64	5327.2	952.509
111	154.9173611	107.89944	267.36583	1066	1.62	3986.662	5327.291	952.708
111	154.9270833	287.89083	92.64833	1065.978	1.62	3986.645	5327.126	952.443
111	154.9277778	107.89472	267.3675	1065.977	1.62	3986.655	5327.197	952.737
111	154.9375	287.88417	92.64667	1065.959	1.62	3986.623	5327.001	952.477
111	154.9381944	107.88528	267.36694	1065.957	1.62	3986.622	5327.027	952.727
111	154.9479167	287.87833	92.64556	1065.936	1.62	3986.611	5326.891	952.495
111	154.9486111	107.88056	267.36528	1065.937	1.62	3986.615	5326.938	952.7
111	154.9583333	287.87361	92.64556	1065.914	1.62	3986.606	5326.803	952.496
111	154.9590278	107.87333	267.3625	1065.911	1.62	3986.6	5326.797	952.649
111	154.96875	287.86528	92.64472	1065.897	1.62	3986.573	5326.649	952.514
111	154.9694444	107.86528	267.36556	1065.894	1.62	3986.567	5326.65	952.708
111	154.9791667	287.86083	92.645	1065.874	1.62	3986.571	5326.566	952.508
111	154.9798611	107.86028	267.36389	1065.873	1.62	3986.56	5326.556	952.673
111	154.9895833	287.85333	92.645	1065.854	1.62	3986.547	5326.428	952.511
111	154.9902778	107.85583	267.36639	1065.854	1.62	3986.552	5326.474	952.721
111	155	287.84889	92.64556	1065.833	1.62	3986.541	5326.34	952.499
111	155.0006944	107.85083	267.36389	1065.833	1.62	3986.544	5326.375	952.676
111	155.0104167	287.84139	92.64583	1065.811	1.62	3986.521	5326.201	952.497
111	155.0111111	107.84167	267.36028	1065.81	1.62	3986.517	5326.206	952.61
111	155.0208333	287.83361	92.6475	1065.79	1.62	3986.498	5326.059	952.469
111	155.0215278	107.83694	267.36278	1065.789	1.62	3986.508	5326.119	952.661
111	155.03125	287.82944	92.64917	1065.769	1.62	3986.494	5325.975	952.437
111	155.0319444	107.82972	267.36167	1065.768	1.62	3986.489	5325.985	952.641
111	155.0416667	287.82222	92.64806	1065.749	1.62	3986.471	5325.842	952.459
111	155.0423611	107.82528	267.36278	1065.749	1.62	3986.48	5325.897	952.66
111	155.0520833	287.81639	92.64861	1065.727	1.62	3986.46	5325.732	952.45
111	155.0527778	107.8175	267.36472	1065.727	1.62	3986.454	5325.754	952.695
111	155.0625	287.81139	92.6475	1065.708	1.62	3986.448	5325.637	952.468
111	155.0631944	107.81028	267.36222	1065.707	1.62	3986.436	5325.623	952.651
111	155.0729167	287.80389	92.64722	1065.685	1.62	3986.428	5325.5	952.476
111	155.0736111	107.8025	267.36222	1065.686	1.62	3986.412	5325.479	952.653
111	155.0833333	287.79667	92.64694	1065.664	1.62	3986.406	5325.362	952.482
111	155.0840278	107.79694	267.36417	1065.664	1.62	3986.399	5325.372	952.689
111	155.09375	287.78944	92.64694	1065.643	1.62	3986.385	5325.231	952.484
111	155.0944444	107.79194	267.36167	1065.642	1.62	3986.393	5325.277	952.643
111	155.1041667	287.78417	92.64861	1065.623	1.62	3986.376	5325.131	952.453
111	155.1048611	107.78444	267.36111	1065.621	1.62	3986.37	5325.136	952.637
111	155.1145833	287.77917	92.64917	1065.601	1.62	3986.369	5325.038	952.446
111	155.1152778	107.77944	267.36278	1065.598	1.62	3986.363	5325.041	952.667
111	155.125	287.76972	92.64833	1065.579	1.62	3986.335	5324.86	952.458
111	155.1256944	107.77306	267.36306	1065.574	1.62	3986.35	5324.921	952.675
111	155.1354167	287.76472	92.64833	1065.556	1.62	3986.329	5324.767	952.463
111	155.1361111	107.76583	267.36278	1065.555	1.62	3986.327	5324.787	952.671
111	155.1458333	287.75611	92.64528	1065.534	1.62	3986.299	5324.608	952.52
111	155.1465278	107.76	267.3625	1065.533	1.62	3986.314	5324.676	952.668
111	155.15625	287.75056	92.64972	1065.51	1.62	3986.293	5324.501	952.438
111	155.1569444	107.75278	267.36111	1065.51	1.62	3986.296	5324.541	952.64
111	155.1666667	287.74528	92.65028	1065.489	1.62	3986.284	5324.401	952.431
111	155.1673611	107.7475	267.36139	1065.486	1.62	3986.29	5324.443	952.648
111	155.1770833	287.73833	92.64778	1065.466	1.62	3986.265	5324.274	952.477
111	155.1777778	107.73889	267.35944	1065.464	1.62	3986.265	5324.285	952.613
111	155.1875	287.73056	92.65333	1065.442	1.62	3986.247	5324.124	952.375
111	155.1881944	107.73278	267.35944	1065.443	1.62	3986.249	5324.168	952.615
111	155.1979167	287.72472	92.65	1065.42	1.62	3986.233	5324.015	952.439
111	155.1986111	107.72472	267.35833	1065.417	1.62	3986.23	5324.019	952.593
111	155.2083333	287.7175	92.65083	1065.397	1.62	3986.216	5323.882	952.423
111	155.2090278	107.71778	267.35917	1065.392	1.62	3986.213	5323.886	952.608
111	155.21875	287.71111	92.65444	1065.375	1.62	3986.202	5323.759	952.357
111	155.2194444	107.7125	267.36028	1065.373	1.62	3986.201	5323.79	952.632
111	155.2291667	287.70278	92.65083	1065.35	1.62	3986.177	5323.605	952.425
111	155.2298611	107.70556	267.35583	1065.347	1.62	3986.188	5323.654	952.551
111	155.2395833	287.69694	92.65139	1065.326	1.62	3986.167	5323.497	952.418
111	155.2402778	107.69889	267.35944	1065.325	1.62	3986.169	5323.533	952.62
111	155.25	287.69028	92.64972	1065.306	1.62	3986.147	5323.372	952.445
111	155.2506944	107.69222	267.3575	1065.303	1.62	3986.154	5323.406	952.582
111	155.2604167	287.68556	92.64806	1065.281	1.62	3986.142	5323.28	952.482
111	155.2611111	107.685	267.35806	1065.281	1.62	3986.135	5323.274	952.594
111	155.2708333	287.67806	92.65167	1065.259	1.62	3986.125	5323.144	952.412
111	155.2715278	107.67972	267.35694	1065.258	1.62	3986.127	5323.173	952.574
111	155.28125	287.67056	92.65111	1065.235	1.62	3986.105	5323.002	952.424
111	155.2819444	107.67	267.35778	1065.233	1.62	3986.097	5322.995	952.591
111	155.2916667	287.66417	92.65194	1065.213	1.62	3986.09	5322.882	952.412
111	155.2923611	107.66556	267.35778	1065.212	1.62	3986.091	5322.907	952.592
111	155.3020833	287.65694	92.65167	1065.189	1.62	3986.072	5322.747	952.417
111	155.3027778	107.65917	267.3575	1065.188	1.62	3986.079	5322.79	952.59
111	155.3125	287.65056	92.65389	1065.165	1.62	3986.061	5322.626	952.378
111	155.3131944	107.65028	267.3575	1065.165	1.62	3986.05	5322.625	952.588
111	155.3229167	287.645	92.6525	1065.142	1.62	3986.051	5322.522	952.402
111	155.3236111	107.64556	267.35639	1065.14	1.62	3986.048	5322.534	952.568
111	155.3333333	287.63694	92.65222	1065.119	1.62	3986.028	5322.374	952.409
111	155.3340278	107.63889	267.355	1065.119	1.62	3986.031	5322.406	952.546
111	155.34375	287.62694	92.65	1065.098	1.62	3985.988	5322.187	952.454
111	155.3451389	107.62528	267.35583	1065.094	1.62	3985.978	5322.16	952.561
111	155.3541667	287.61972	92.65278	1065.072	1.62	3985.974	5322.052	952.404
111	155.3548611	107.61917	267.35722	1065.071	1.62	3985.964	5322.043	952.588
111	155.3645833	287.61444	92.65111	1065.051	1.62	3985.965	5321.954	952.433
111	155.3652778	107.61583	267.35444	1065.05	1.62	3985.968	5321.979	952.54
111	155.375	287.60972	92.6525	1065.027	1.62	3985.962	5321.864	952.409
111	155.3756944	107.61417	267.35889	1065.027	1.62	3985.977	5321.942	952.623
111	155.3854167	287.60639	92.6525	1065.007	1.62	3985.963	5321.799	952.408
111	155.3861111	107.60722	267.35889	1065.003	1.62	3985.961	5321.813	952.623
111	155.3958333	287.60111	92.65167	1064.982	1.62	3985.955	5321.696	952.429
111	155.3965278	107.60028	267.35667	1064.979	1.62	3985.946	5321.682	952.585
111	155.40625	287.59111	92.65111	1064.96	1.62	3985.918	5321.51	952.439
111	155.4069444	107.59333	267.35583	1064.957	1.62	3985.929	5321.554	952.569
111	155.4166667	287.5925	92.65333	1064.936	1.62	3985.952	5321.529	952.395
111	155.4173611	107.59194	267.35639	1064.934	1.62	3985.943	5321.521	952.581
111	155.4270833	287.58278	92.65528	1064.917	1.62	3985.918	5321.352	952.364
111	155.4277778	107.58028	267.35528	1064.915	1.62	3985.897	5321.31	952.559
111	155.4375	287.57944	92.65222	1064.895	1.62	3985.917	5321.288	952.422
111	155.4381944	107.58111	267.35694	1064.892	1.62	3985.921	5321.316	952.59
111	155.4479167	287.57	92.65583	1064.874	1.62	3985.886	5321.11	952.355
111	155.4486111	107.57194	267.35361	1064.872	1.62	3985.891	5321.145	952.529
111	155.4583333	287.56361	92.655	1064.852	1.62	3985.872	5320.995	952.372
111	155.4590278	107.56333	267.35472	1064.85	1.62	3985.864	5320.991	952.555
111	155.46875	287.5575	92.65389	1064.832	1.62	3985.856	5320.88	952.395
111	155.4694444	107.55972	267.35778	1064.83	1.62	3985.861	5320.921	952.612
111	155.4791667	287.5525	92.65611	1064.809	1.62	3985.85	5320.782	952.354
111	155.4798611	107.55167	267.35528	1064.809	1.62	3985.838	5320.772	952.564
111	155.4895833	287.54472	92.65361	1064.788	1.62	3985.825	5320.638	952.398
111	155.4902778	107.54417	267.35333	1064.786	1.62	3985.819	5320.633	952.53
111	155.5	287.53778	92.65444	1064.77	1.62	3985.805	5320.512	952.383
111	155.5006944	107.53833	267.35167	1064.766	1.62	3985.806	5320.521	952.501
111	155.5104167	287.53139	92.65444	1064.746	1.62	3985.791	5320.389	952.386
111	155.5111111	107.53167	267.35	1064.744	1.62	3985.792	5320.398	952.472
111	155.5208333	287.525	92.65444	1064.726	1.62	3985.775	5320.271	952.389
111	155.5215278	107.52556	267.35278	1064.724	1.62	3985.774	5320.281	952.522
111	155.53125	287.52167	92.65306	1064.704	1.62	3985.776	5320.204	952.416
111	155.5319444	107.52083	267.35306	1064.701	1.62	3985.77	5320.194	952.528
111	155.5416667	287.51361	92.65083	1064.684	1.62	3985.748	5320.059	952.456
111	155.5423611	107.51333	267.35306	1064.681	1.62	3985.745	5320.051	952.529
111	155.5527778	107.50806	267.35444	1064.662	1.62	3985.734	5319.955	952.557
111	155.5625	287.49861	92.65806	1064.642	1.62	3985.71	5319.778	952.326
111	155.5631944	107.50111	267.35278	1064.637	1.62	3985.719	5319.822	952.528
111	155.5729167	287.49083	92.65528	1064.62	1.62	3985.686	5319.636	952.376
111	155.5736111	107.49417	267.35333	1064.616	1.62	3985.7	5319.692	952.536
111	155.5833333	287.48472	92.65611	1064.599	1.62	3985.672	5319.517	952.364
111	155.5847222	107.48944	267.35139	1064.595	1.62	3985.695	5319.602	952.504
111	155.59375	287.47972	92.66056	1064.578	1.62	3985.668	5319.424	952.281
111	155.5951389	107.48194	267.35861	1064.575	1.62	3985.668	5319.468	952.636
111	155.6041667	287.475	92.65361	1064.556	1.62	3985.657	5319.333	952.409
111	155.6055556	107.47583	267.35306	1064.555	1.62	3985.658	5319.353	952.532
111	155.6145833	287.47	92.65694	1064.534	1.62	3985.652	5319.237	952.347
111	155.6159722	107.47083	267.35333	1064.53	1.62	3985.652	5319.253	952.541
111	155.625	287.46194	92.65611	1064.514	1.62	3985.627	5319.09	952.368
111	155.6263889	107.46389	267.35139	1064.507	1.62	3985.638	5319.125	952.506
111	155.6354167	287.45417	92.65556	1064.489	1.62	3985.607	5318.948	952.375
111	155.6361111	107.45667	267.34889	1064.486	1.62	3985.619	5318.987	952.458
111	155.6458333	287.45306	92.66056	1064.466	1.62	3985.626	5318.919	952.285
111	155.6472222	107.45361	267.3525	1064.466	1.62	3985.62	5318.933	952.527
111	155.65625	287.44611	92.66056	1064.445	1.62	3985.607	5318.787	952.287
111	155.6569444	107.44778	267.35278	1064.441	1.62	3985.61	5318.822	952.534
111	155.6666667	287.43917	92.65917	1064.423	1.62	3985.588	5318.658	952.316
111	155.6680556	107.44222	267.35139	1064.421	1.62	3985.599	5318.716	952.513
111	155.6770833	287.43	92.65806	1064.401	1.62	3985.558	5318.491	952.336
111	155.6777778	107.43306	267.35194	1064.398	1.62	3985.569	5318.544	952.521
111	155.6875	287.42472	92.65861	1064.382	1.62	3985.548	5318.393	952.327
111	155.6881944	107.42833	267.35167	1064.377	1.62	3985.563	5318.456	952.519
111	155.6979167	287.41583	92.65889	1064.357	1.62	3985.522	5318.227	952.324
111	155.6993056	107.42028	267.35167	1064.351	1.62	3985.543	5318.307	952.52
111	155.7083333	287.40889	92.65917	1064.332	1.62	3985.507	5318.093	952.318
111	155.7097222	107.40861	267.355	1064.328	1.62	3985.498	5318.095	952.58
111	155.71875	287.39972	92.66028	1064.31	1.62	3985.478	5317.927	952.299
111	155.7201389	107.405	267.35417	1064.306	1.62	3985.5	5318.025	952.566
111	155.7291667	287.39722	92.65472	1064.285	1.62	3985.484	5317.876	952.402
111	155.7298611	107.39917	267.35194	1064.283	1.62	3985.491	5317.914	952.526
111	155.7395833	287.38667	92.65389	1064.262	1.62	3985.447	5317.686	952.419
111	155.7409722	107.3875	267.35111	1064.261	1.62	3985.448	5317.701	952.514
111	155.75	287.38	92.65556	1064.241	1.62	3985.431	5317.56	952.388
111	155.7513889	107.38111	267.35583	1064.238	1.62	3985.43	5317.579	952.6
111	155.7604167	287.3725	92.65556	1064.218	1.62	3985.411	5317.419	952.39
111	155.7618056	107.37444	267.35222	1064.212	1.62	3985.42	5317.451	952.536
111	155.7708333	287.36417	92.65944	1064.193	1.62	3985.391	5317.261	952.321
111	155.7715278	107.36889	267.35278	1064.19	1.62	3985.41	5317.346	952.548
111	155.78125	287.35972	92.6625	1064.169	1.62	3985.392	5317.175	952.264
111	155.7826389	107.36083	267.34833	1064.167	1.62	3985.393	5317.199	952.464
111	155.7916667	287.34722	92.66	1064.148	1.62	3985.341	5316.947	952.309
111	155.7923611	107.34917	267.35028	1064.143	1.62	3985.349	5316.984	952.502
111	155.8020833	287.34361	92.65972	1064.125	1.62	3985.343	5316.877	952.32
111	155.8027778	107.34611	267.35	1064.121	1.62	3985.352	5316.922	952.498
111	155.8125	287.33417	92.66056	1064.101	1.62	3985.314	5316.702	952.301
111	155.8138889	107.33528	267.35167	1064.098	1.62	3985.314	5316.726	952.532
111	155.8229167	287.33111	92.65833	1064.079	1.62	3985.317	5316.643	952.347
111	155.8236111	107.33167	267.34972	1064.074	1.62	3985.318	5316.653	952.494
111	155.8333333	287.32333	92.66222	1064.055	1.62	3985.299	5316.497	952.271
111	155.8347222	107.32611	267.34972	1064.052	1.62	3985.309	5316.55	952.495
111	155.84375	287.31667	92.66111	1064.03	1.62	3985.287	5316.375	952.298
111	155.8451389	107.31722	267.34972	1064.026	1.62	3985.284	5316.385	952.496
111	155.8645833	287.30111	92.665	1063.987	1.62	3985.245	5316.084	952.228
111	155.8659722	107.30444	267.35333	1063.984	1.62	3985.25	5316.144	952.564
111	155.875	287.29361	92.65528	1063.965	1.62	3985.216	5315.947	952.407
111	155.8763889	107.29861	267.35139	1063.96	1.62	3985.244	5316.036	952.533
111	155.8854167	287.28972	92.66167	1063.942	1.62	3985.222	5315.87	952.287
111	155.8868056	107.28944	267.34972	1063.937	1.62	3985.215	5315.863	952.502
111	155.8958333	287.28083	92.66028	1063.918	1.62	3985.195	5315.704	952.317
111	155.8972222	107.28472	267.34833	1063.917	1.62	3985.21	5315.774	952.475
111	155.9166667	287.265	92.65806	1063.878	1.62	3985.145	5315.414	952.359
111	155.9180556	107.26583	267.34694	1063.872	1.62	3985.15	5315.427	952.453
111	155.9270833	287.25694	92.65972	1063.856	1.62	3985.122	5315.264	952.327
111	155.9284722	107.25972	267.34806	1063.852	1.62	3985.134	5315.312	952.474
111	155.9375	287.24806	92.66139	1063.832	1.62	3985.096	5315.097	952.301
111	155.9388889	107.2525	267.34972	1063.83	1.62	3985.114	5315.179	952.506
111	155.9479167	287.24583	92.66167	1063.81	1.62	3985.106	5315.05	952.297
111	155.9493056	107.24667	267.34917	1063.803	1.62	3985.108	5315.067	952.495
111	155.9583333	287.23917	92.65917	1063.787	1.62	3985.088	5314.926	952.341
111	155.9597222	107.23972	267.34972	1063.786	1.62	3985.086	5314.941	952.506
111	155.96875	287.23167	92.66361	1063.766	1.62	3985.072	5314.79	952.263
111	155.9701389	107.23583	267.35	1063.761	1.62	3985.087	5314.862	952.514
111	155.9791667	287.22639	92.65833	1063.748	1.62	3985.056	5314.692	952.36
111	155.9805556	107.22583	267.34806	1063.742	1.62	3985.054	5314.682	952.479
111	155.9895833	287.21917	92.66222	1063.725	1.62	3985.04	5314.552	952.291
111	155.9909722	107.22	267.34972	1063.721	1.62	3985.04	5314.573	952.512
111	156	287.21194	92.66389	1063.704	1.62	3985.024	5314.423	952.258
111	156.0013889	107.20972	267.34444	1063.701	1.62	3985.006	5314.38	952.413
111	156.0104167	287.20528	92.65806	1063.682	1.62	3985.003	5314.299	952.369
111	156.0118056	107.20583	267.35	1063.679	1.62	3985.002	5314.309	952.517
111	156.0208333	287.19861	92.65806	1063.661	1.62	3984.986	5314.172	952.369
111	156.0222222	107.19972	267.34694	1063.658	1.62	3984.991	5314.191	952.462
111	156.03125	287.19472	92.66528	1063.639	1.62	3984.991	5314.093	952.235
111	156.0326389	107.19583	267.34778	1063.635	1.62	3984.991	5314.118	952.478
111	156.0416667	287.18833	92.66278	1063.617	1.62	3984.976	5313.976	952.282
111	156.0430556	107.18972	267.34944	1063.614	1.62	3984.975	5314.001	952.512
111	156.0520833	287.17861	92.66139	1063.596	1.62	3984.941	5313.797	952.313
111	156.0534722	107.18	267.34861	1063.591	1.62	3984.946	5313.825	952.498
111	156.0625	287.17306	92.6625	1063.574	1.62	3984.933	5313.693	952.288
111	156.0638889	107.17417	267.34639	1063.574	1.62	3984.932	5313.715	952.456
111	156.0729167	287.16806	92.66167	1063.554	1.62	3984.923	5313.597	952.305
111	156.0743056	107.16861	267.34722	1063.552	1.62	3984.922	5313.612	952.473
111	156.0833333	287.16028	92.66139	1063.533	1.62	3984.9	5313.453	952.314
111	156.0847222	107.16028	267.34806	1063.528	1.62	3984.897	5313.456	952.492
111	156.09375	287.15389	92.66444	1063.511	1.62	3984.889	5313.334	952.257
111	156.0951389	107.15556	267.3475	1063.507	1.62	3984.893	5313.368	952.48
111	156.1041667	287.14778	92.66583	1063.487	1.62	3984.88	5313.219	952.233
111	156.1055556	107.15056	267.34722	1063.483	1.62	3984.888	5313.268	952.475
111	156.1145833	287.1425	92.66222	1063.467	1.62	3984.868	5313.122	952.302
111	156.1159722	107.14222	267.34722	1063.466	1.62	3984.859	5313.116	952.477
111	156.125	287.13278	92.6625	1063.444	1.62	3984.836	5312.939	952.297
111	156.1263889	107.13417	267.3475	1063.442	1.62	3984.838	5312.97	952.483
111	156.1354167	287.12833	92.66389	1063.422	1.62	3984.835	5312.857	952.274
111	156.1368056	107.12972	267.34778	1063.418	1.62	3984.837	5312.882	952.488
111	156.1458333	287.12222	92.66306	1063.401	1.62	3984.821	5312.742	952.288
111	156.1472222	107.12139	267.34556	1063.398	1.62	3984.812	5312.73	952.448
111	156.15625	287.11333	92.66389	1063.378	1.62	3984.795	5312.577	952.274
111	156.1576389	107.11583	267.34778	1063.371	1.62	3984.806	5312.624	952.49
111	156.1666667	287.10667	92.66389	1063.356	1.62	3984.78	5312.453	952.274
111	156.1680556	107.10833	267.34778	1063.35	1.62	3984.784	5312.482	952.491
111	156.1770833	287.09361	92.65472	1063.333	1.62	3984.723	5312.217	952.444
111	156.1784722	107.09528	267.34833	1063.329	1.62	3984.733	5312.245	952.504
111	156.1875	287.08833	92.6575	1063.309	1.62	3984.719	5312.116	952.397
111	156.1888889	107.08889	267.35028	1063.305	1.62	3984.72	5312.129	952.542
111	156.1979167	287.0825	92.66222	1063.284	1.62	3984.715	5312.003	952.309
111	156.1993056	107.0825	267.34972	1063.28	1.62	3984.709	5312.005	952.533
111	156.2083333	287.07556	92.66444	1063.262	1.62	3984.7	5311.873	952.27
111	156.2097222	107.07667	267.34806	1063.26	1.62	3984.697	5311.893	952.504
111	156.21875	287.06944	92.6625	1063.236	1.62	3984.689	5311.755	952.308
111	156.2201389	107.07056	267.34639	1063.232	1.62	3984.692	5311.776	952.472
111	156.2291667	287.06278	92.66361	1063.213	1.62	3984.677	5311.634	952.288
111	156.2305556	107.06639	267.345	1063.209	1.62	3984.693	5311.7	952.449
111	156.2395833	287.05806	92.66639	1063.188	1.62	3984.677	5311.542	952.234
111	156.2409722	107.05778	267.34639	1063.184	1.62	3984.67	5311.54	952.475
111	156.25	287.04611	92.66083	1063.166	1.62	3984.628	5311.325	952.343
111	156.2513889	107.04861	267.34694	1063.16	1.62	3984.642	5311.371	952.485
111	156.2604167	287.04056	92.66556	1063.142	1.62	3984.625	5311.216	952.254
111	156.2618056	107.04111	267.34556	1063.139	1.62	3984.621	5311.227	952.462
111	156.2708333	287.03444	92.66417	1063.116	1.62	3984.616	5311.103	952.281
111	156.2722222	107.03667	267.34556	1063.115	1.62	3984.621	5311.143	952.461
111	156.28125	287.02806	92.66639	1063.092	1.62	3984.605	5310.98	952.242
111	156.2826389	107.03	267.34639	1063.091	1.62	3984.606	5311.016	952.478
111	156.2916667	287.02222	92.66583	1063.069	1.62	3984.595	5310.869	952.252
111	156.2930556	107.02028	267.34639	1063.066	1.62	3984.578	5310.841	952.482
111	156.3055556	287.0125	92.66556	1063.036	1.62	3984.574	5310.69	952.257
111	156.3069444	107.01417	267.34583	1063.03	1.62	3984.579	5310.72	952.473
111	156.3125	287.01028	92.66722	1063.02	1.62	3984.579	5310.647	952.23
111	156.3138889	107.00889	267.34611	1063.018	1.62	3984.562	5310.623	952.476
111	156.3229167	287.00139	92.66611	1062.996	1.62	3984.553	5310.483	952.248
111	156.3243056	107.0025	267.3425	1062.99	1.62	3984.557	5310.5	952.412
111	156.3333333	286.99417	92.66528	1062.971	1.62	3984.536	5310.345	952.266
111	156.3347222	106.99528	267.34417	1062.966	1.62	3984.539	5310.365	952.444
111	156.34375	286.98528	92.66389	1062.948	1.62	3984.509	5310.18	952.292
111	156.3451389	106.98917	267.34472	1062.943	1.62	3984.528	5310.251	952.456
111	156.3541667	286.98028	92.6675	1062.925	1.62	3984.507	5310.083	952.231
111	156.3555556	106.98194	267.34389	1062.919	1.62	3984.513	5310.118	952.438
111	156.3645833	286.97361	92.66722	1062.901	1.62	3984.494	5309.96	952.234
111	156.3659722	106.97583	267.3425	1062.898	1.62	3984.501	5310.003	952.416
111	156.3722222	286.96917	92.665	1062.882	1.62	3984.486	5309.878	952.278
111	156.375	286.96778	92.66556	1062.877	1.62	3984.484	5309.85	952.264
111	156.3763889	106.9675	267.3425	1062.877	1.62	3984.476	5309.85	952.414
111	156.3854167	286.95889	92.66722	1062.855	1.62	3984.458	5309.687	952.238
111	156.3868056	106.96222	267.34417	1062.851	1.62	3984.47	5309.746	952.446
111	156.3958333	286.95056	92.66556	1062.832	1.62	3984.434	5309.534	952.267
111	156.3972222	106.95444	267.34139	1062.827	1.62	3984.454	5309.603	952.397
111	156.40625	286.94333	92.66361	1062.811	1.62	3984.413	5309.397	952.307
111	156.4076389	106.94583	267.34361	1062.806	1.62	3984.425	5309.441	952.44
111	156.4166667	286.93806	92.6675	1062.789	1.62	3984.409	5309.297	952.234
111	156.4180556	106.94083	267.34417	1062.786	1.62	3984.417	5309.346	952.451
111	156.4270833	286.9325	92.6675	1062.764	1.62	3984.402	5309.189	952.238
111	156.4284722	106.93389	267.34167	1062.762	1.62	3984.404	5309.219	952.409
