Target	dec day	Hang	Vang	Dslope	HI	N local	E local	Z local
CGR1	154.943	0.000	87.238	131.884	1.620	5000.001	5131.731	1007.977
CGR1	154.944	179.998	272.775	131.884	1.620	4999.995	5131.729	1008.006
CGR1	154.949	179.999	272.774	131.883	1.620	4999.997	5131.729	1008.004
CGR1	154.949	359.998	87.236	131.884	1.620	4999.994	5131.730	1007.980
CGR1	154.958	359.999	87.236	131.884	1.620	4999.997	5131.730	1007.981
CGR1	154.958	179.999	272.773	131.884	1.620	4999.998	5131.729	1008.002
CGR1	154.960	179.999	272.774	131.883	1.620	4999.997	5131.729	1008.004
CGR1	154.960	359.999	87.236	131.883	1.620	4999.998	5131.730	1007.980
CGR1	154.960	179.999	272.773	131.883	1.620	4999.998	5131.729	1008.000
CGR1	154.961	359.999	87.237	131.883	1.620	4999.997	5131.730	1007.979
CGR1	154.963	360.000	87.237	131.884	1.620	4999.999	5131.730	1007.979
CGR1	154.963	179.998	272.775	131.883	1.620	4999.994	5131.729	1008.006
CGR1	154.965	359.998	87.236	131.884	1.620	4999.996	5131.730	1007.980
CGR1	154.967	179.999	272.774	131.884	1.620	4999.998	5131.729	1008.004
CGR1	154.967	360.000	87.236	131.884	1.620	4999.999	5131.730	1007.980
CGR1	154.967	179.998	272.775	131.883	1.620	4999.996	5131.729	1008.005
CGR1	154.968	359.999	87.236	131.883	1.620	4999.999	5131.730	1007.981
CGR1	154.969	179.999	272.775	131.883	1.620	4999.997	5131.729	1008.007
CGR1	154.969	359.999	87.237	131.884	1.620	4999.999	5131.730	1007.979
CGR1	154.970	179.998	272.776	131.884	1.620	4999.996	5131.729	1008.008
CGR1	154.970	359.999	87.237	131.884	1.620	4999.997	5131.730	1007.979
CGR1	154.971	179.999	272.775	131.883	1.620	4999.997	5131.729	1008.006
CGR1	154.972	359.998	87.236	131.884	1.620	4999.995	5131.730	1007.980
CGR1	154.972	180.001	272.774	131.883	1.620	5000.002	5131.729	1008.005
CGR1	154.979	359.999	87.237	131.883	1.620	4999.998	5131.730	1007.978
CGR1	154.980	179.999	272.775	131.883	1.620	4999.997	5131.729	1008.005
CGR1	154.981	359.999	87.237	131.884	1.620	4999.999	5131.730	1007.980
CGR1	154.981	179.999	272.774	131.883	1.620	4999.999	5131.729	1008.004
CGR1	154.982	359.999	87.236	131.883	1.620	4999.998	5131.730	1007.981
CGR1	154.982	179.999	272.775	131.883	1.620	4999.997	5131.729	1008.006
CGR1	154.990	359.998	87.237	131.884	1.620	4999.996	5131.730	1007.979
CGR1	154.990	179.998	272.774	131.883	1.620	4999.994	5131.729	1008.003
CGR1	154.991	359.999	87.237	131.883	1.620	4999.998	5131.730	1007.979
CGR1	154.991	179.999	272.773	131.883	1.620	4999.998	5131.729	1008.003
CGR1	154.992	359.997	87.236	131.884	1.620	4999.993	5131.730	1007.981
CGR1	154.992	179.997	272.774	131.883	1.620	4999.994	5131.729	1008.003
CGR1	155.000	359.999	87.236	131.884	1.620	4999.998	5131.730	1007.982
CGR1	155.001	179.999	272.774	131.884	1.620	4999.998	5131.729	1008.003
CGR1	155.001	359.999	87.236	131.884	1.620	4999.998	5131.730	1007.980
CGR1	155.001	179.998	272.774	131.883	1.620	4999.996	5131.729	1008.003
CGR1	155.003	359.998	87.236	131.883	1.620	4999.996	5131.730	1007.982
CGR1	155.003	179.998	272.775	131.883	1.620	4999.995	5131.729	1008.006
CGR1	155.010	359.998	87.236	131.884	1.620	4999.996	5131.730	1007.981
CGR1	155.011	180.000	272.773	131.883	1.620	5000.000	5131.729	1008.001
CGR1	155.012	359.999	87.236	131.884	1.620	4999.998	5131.730	1007.980
CGR1	155.012	179.998	272.773	131.884	1.620	4999.997	5131.729	1008.003
CGR1	155.013	359.998	87.236	131.884	1.620	4999.994	5131.730	1007.981
CGR1	155.013	179.998	272.774	131.884	1.620	4999.996	5131.729	1008.003
CGR1	155.021	359.999	87.236	131.884	1.620	4999.998	5131.730	1007.981
CGR1	155.022	179.999	272.773	131.883	1.620	4999.997	5131.729	1008.002
CGR1	155.022	360.000	87.236	131.884	1.620	4999.999	5131.730	1007.980
CGR1	155.022	179.998	272.774	131.883	1.620	4999.996	5131.729	1008.003
CGR1	155.024	359.998	87.237	131.884	1.620	4999.995	5131.730	1007.979
CGR1	155.024	179.998	272.774	131.884	1.620	4999.995	5131.729	1008.003
CGR1	155.031	359.998	87.236	131.884	1.620	4999.996	5131.731	1007.981
CGR1	155.032	179.999	272.774	131.884	1.620	4999.997	5131.729	1008.004
CGR1	155.033	360.000	87.235	131.884	1.620	4999.999	5131.730	1007.983
CGR1	155.033	179.997	272.775	131.883	1.620	4999.994	5131.729	1008.006
CGR1	155.034	359.998	87.235	131.884	1.620	4999.996	5131.730	1007.983
CGR1	155.034	179.998	272.774	131.884	1.620	4999.996	5131.729	1008.004
CGR1	155.042	359.998	87.235	131.884	1.620	4999.995	5131.730	1007.983
CGR1	155.042	179.999	272.774	131.884	1.620	4999.998	5131.729	1008.003
CGR1	155.043	359.999	87.237	131.884	1.620	4999.998	5131.730	1007.979
CGR1	155.043	179.998	272.774	131.884	1.620	4999.996	5131.729	1008.003
CGR1	155.044	359.998	87.236	131.884	1.620	4999.996	5131.730	1007.980
CGR1	155.044	179.998	272.774	131.884	1.620	4999.994	5131.729	1008.004
CGR1	155.052	359.999	87.236	131.884	1.620	4999.998	5131.730	1007.980
CGR1	155.053	179.998	272.775	131.884	1.620	4999.995	5131.729	1008.007
CGR1	155.053	359.998	87.237	131.884	1.620	4999.996	5131.730	1007.979
CGR1	155.053	179.999	272.774	131.883	1.620	4999.997	5131.729	1008.003
CGR1	155.055	359.999	87.237	131.884	1.620	4999.998	5131.730	1007.979
CGR1	155.055	179.999	272.775	131.883	1.620	4999.997	5131.729	1008.006
CGR1	155.063	359.998	87.237	131.883	1.620	4999.995	5131.730	1007.979
CGR1	155.063	179.999	272.774	131.883	1.620	4999.997	5131.729	1008.004
CGR1	155.064	359.998	87.237	131.883	1.620	4999.996	5131.730	1007.979
CGR1	155.064	179.997	272.774	131.883	1.620	4999.994	5131.729	1008.003
CGR1	155.065	359.999	87.237	131.883	1.620	4999.997	5131.730	1007.979
CGR1	155.065	179.999	272.774	131.883	1.620	4999.997	5131.729	1008.004
CGR1	155.073	359.999	87.236	131.883	1.620	4999.997	5131.730	1007.980
CGR1	155.074	179.998	272.775	131.883	1.620	4999.995	5131.729	1008.007
CGR1	155.074	359.998	87.236	131.883	1.620	4999.996	5131.730	1007.980
CGR1	155.074	179.999	272.774	131.883	1.620	4999.998	5131.729	1008.003
CGR1	155.076	359.998	87.236	131.884	1.620	4999.995	5131.730	1007.980
CGR1	155.076	179.998	272.774	131.883	1.620	4999.996	5131.729	1008.004
CGR1	155.083	359.999	87.236	131.884	1.620	4999.998	5131.730	1007.981
CGR1	155.084	179.998	272.774	131.884	1.620	4999.996	5131.729	1008.003
CGR1	155.085	359.999	87.235	131.884	1.620	4999.997	5131.730	1007.983
CGR1	155.085	179.998	272.775	131.884	1.620	4999.995	5131.729	1008.006
CGR1	155.086	359.999	87.238	131.884	1.620	4999.997	5131.730	1007.976
CGR1	155.086	179.999	272.775	131.884	1.620	4999.997	5131.729	1008.006
CGR1	155.094	359.999	87.237	131.883	1.620	4999.997	5131.730	1007.979
CGR1	155.094	179.998	272.776	131.883	1.620	4999.994	5131.729	1008.008
CGR1	155.095	359.998	87.237	131.884	1.620	4999.994	5131.731	1007.980
CGR1	155.095	179.998	272.774	131.883	1.620	4999.995	5131.729	1008.003
CGR1	155.097	359.998	87.236	131.883	1.620	4999.995	5131.730	1007.982
CGR1	155.097	179.998	272.774	131.883	1.620	4999.996	5131.728	1008.005
CGR1	155.104	359.999	87.237	131.884	1.620	4999.999	5131.730	1007.979
CGR1	155.105	179.998	272.774	131.884	1.620	4999.995	5131.729	1008.005
CGR1	155.106	359.998	87.236	131.884	1.620	4999.995	5131.730	1007.982
CGR1	155.106	179.998	272.773	131.884	1.620	4999.995	5131.729	1008.003
CGR1	155.107	359.998	87.236	131.884	1.620	4999.995	5131.730	1007.981
CGR1	155.107	179.999	272.774	131.883	1.620	4999.997	5131.729	1008.003
CGR1	155.115	359.998	87.235	131.884	1.620	4999.996	5131.730	1007.982
CGR1	155.115	179.998	272.773	131.884	1.620	4999.995	5131.729	1008.002
CGR1	155.116	359.999	87.236	131.884	1.620	4999.997	5131.730	1007.980
CGR1	155.116	179.999	272.774	131.884	1.620	4999.998	5131.729	1008.004
CGR1	155.117	0.000	87.236	131.884	1.620	5000.000	5131.730	1007.980
CGR1	155.117	179.998	272.774	131.884	1.620	4999.996	5131.729	1008.005
CGR1	155.125	359.998	87.235	131.884	1.620	4999.996	5131.730	1007.982
CGR1	155.126	179.999	272.773	131.884	1.620	4999.997	5131.729	1008.002
CGR1	155.126	359.999	87.235	131.884	1.620	4999.998	5131.730	1007.984
CGR1	155.126	179.999	272.774	131.883	1.620	4999.998	5131.729	1008.003
CGR1	155.128	359.999	87.236	131.884	1.620	4999.998	5131.730	1007.982
CGR1	155.128	179.998	272.774	131.884	1.620	4999.995	5131.729	1008.003
CGR1	155.135	359.999	87.236	131.884	1.620	4999.998	5131.730	1007.981
CGR1	155.136	179.998	272.774	131.884	1.620	4999.996	5131.729	1008.004
CGR1	155.137	359.999	87.235	131.884	1.620	4999.998	5131.730	1007.983
CGR1	155.137	179.998	272.774	131.884	1.620	4999.995	5131.729	1008.005
CGR1	155.138	359.999	87.236	131.884	1.620	4999.997	5131.730	1007.982
CGR1	155.138	179.998	272.775	131.883	1.620	4999.996	5131.729	1008.006
CGR1	155.146	359.998	87.236	131.883	1.620	4999.994	5131.730	1007.982
CGR1	155.147	179.999	272.774	131.884	1.620	4999.998	5131.729	1008.003
CGR1	155.147	359.998	87.235	131.884	1.620	4999.995	5131.730	1007.982
CGR1	155.147	179.999	272.774	131.883	1.620	4999.997	5131.729	1008.004
CGR1	155.149	359.999	87.237	131.884	1.620	4999.998	5131.730	1007.979
CGR1	155.149	179.998	272.775	131.884	1.620	4999.995	5131.729	1008.007
CGR1	155.156	359.998	87.236	131.884	1.620	4999.996	5131.730	1007.981
CGR1	155.157	179.998	272.774	131.884	1.620	4999.994	5131.729	1008.003
CGR1	155.158	359.998	87.235	131.884	1.620	4999.996	5131.730	1007.982
CGR1	155.158	179.999	272.774	131.883	1.620	4999.999	5131.729	1008.004
CGR1	155.159	359.997	87.236	131.884	1.620	4999.994	5131.730	1007.982
CGR1	155.159	179.998	272.774	131.884	1.620	4999.995	5131.729	1008.004
CGR1	155.167	359.998	87.236	131.884	1.620	4999.996	5131.730	1007.981
CGR1	155.167	179.997	272.775	131.883	1.620	4999.994	5131.729	1008.007
CGR1	155.168	359.998	87.235	131.883	1.620	4999.995	5131.730	1007.982
CGR1	155.168	180.000	272.774	131.883	1.620	4999.999	5131.729	1008.004
CGR1	155.169	359.998	87.236	131.883	1.620	4999.995	5131.730	1007.982
CGR1	155.169	179.998	272.774	131.884	1.620	4999.996	5131.729	1008.004
CGR1	155.177	359.998	87.236	131.884	1.620	4999.997	5131.730	1007.980
CGR1	155.178	179.997	272.776	131.884	1.620	4999.992	5131.729	1008.008
CGR1	155.178	359.998	87.235	131.884	1.620	4999.996	5131.730	1007.984
CGR1	155.178	179.998	272.774	131.884	1.620	4999.994	5131.729	1008.004
CGR1	155.180	359.999	87.236	131.884	1.620	4999.997	5131.730	1007.980
CGR1	155.180	179.998	272.774	131.883	1.620	4999.995	5131.729	1008.005
CGR1	155.188	359.999	87.235	131.884	1.620	4999.997	5131.730	1007.984
CGR1	155.188	179.999	272.773	131.884	1.620	4999.997	5131.729	1008.002
CGR1	155.189	359.999	87.235	131.884	1.620	4999.997	5131.730	1007.983
CGR1	155.189	179.999	272.772	131.883	1.620	4999.997	5131.729	1008.000
CGR1	155.190	0.000	87.235	131.884	1.620	5000.000	5131.730	1007.983
CGR1	155.190	179.998	272.774	131.884	1.620	4999.996	5131.729	1008.005
CGR1	155.198	359.999	87.236	131.884	1.620	4999.997	5131.730	1007.982
CGR1	155.199	179.999	272.774	131.884	1.620	4999.997	5131.729	1008.003
CGR1	155.199	359.997	87.235	131.883	1.620	4999.994	5131.730	1007.984
CGR1	155.199	179.998	272.774	131.883	1.620	4999.994	5131.729	1008.003
CGR1	155.201	359.998	87.235	131.884	1.620	4999.996	5131.730	1007.982
CGR1	155.201	179.998	272.774	131.883	1.620	4999.996	5131.729	1008.003
CGR1	155.208	359.999	87.235	131.884	1.620	4999.998	5131.730	1007.983
CGR1	155.209	179.997	272.774	131.883	1.620	4999.993	5131.729	1008.005
CGR1	155.210	359.999	87.236	131.884	1.620	4999.998	5131.730	1007.982
CGR1	155.210	179.998	272.774	131.883	1.620	4999.996	5131.729	1008.004
CGR1	155.211	359.998	87.236	131.884	1.620	4999.996	5131.731	1007.980
CGR1	155.211	179.999	272.774	131.883	1.620	4999.997	5131.729	1008.004
CGR1	155.219	359.998	87.237	131.884	1.620	4999.996	5131.730	1007.979
CGR1	155.219	179.998	272.774	131.884	1.620	4999.996	5131.729	1008.003
CGR1	155.220	359.999	87.236	131.884	1.620	4999.998	5131.730	1007.980
CGR1	155.220	179.999	272.774	131.883	1.620	4999.998	5131.729	1008.003
CGR1	155.322	359.998	87.236	131.884	1.620	4999.996	5131.730	1007.980
CGR1	155.322	179.998	272.774	131.883	1.620	4999.995	5131.729	1008.003
CGR1	155.322	359.999	87.238	131.884	1.620	4999.998	5131.730	1007.978
CGR1	155.324	179.999	272.777	131.884	1.620	4999.999	5131.729	1008.010
CGR1	155.324	359.999	87.237	131.884	1.620	4999.998	5131.730	1007.979
CGR1	155.324	179.999	272.775	131.884	1.620	4999.998	5131.729	1008.007
CGR1	155.325	359.999	87.237	131.884	1.620	4999.999	5131.730	1007.979
CGR1	155.326	180.001	272.777	131.884	1.620	5000.002	5131.729	1008.010
CGR1	155.326	359.998	87.236	131.884	1.620	4999.994	5131.730	1007.981
CGR1	155.327	179.998	272.778	131.884	1.620	4999.995	5131.729	1008.014
CGR1	155.327	359.999	87.238	131.884	1.620	4999.997	5131.730	1007.977
CGR1	155.328	179.999	272.776	131.884	1.620	4999.997	5131.729	1008.009
CGR1	155.328	359.998	87.238	131.884	1.620	4999.996	5131.730	1007.977
CGR1	155.329	179.999	272.775	131.884	1.620	4999.998	5131.729	1008.007
CGR1	155.333	359.996	87.236	131.884	1.620	4999.991	5131.731	1007.982
CGR1	155.334	179.998	272.776	131.883	1.620	4999.995	5131.729	1008.008
CGR1	155.335	359.998	87.237	131.884	1.620	4999.995	5131.731	1007.978
CGR1	155.335	179.998	272.776	131.884	1.620	4999.995	5131.729	1008.008
CGR1	155.336	359.999	87.236	131.884	1.620	4999.997	5131.730	1007.980
CGR1	155.336	179.998	272.777	131.884	1.620	4999.994	5131.729	1008.010
CGR1	155.344	0.001	87.238	131.884	1.620	5000.002	5131.730	1007.978
CGR1	155.344	179.999	272.776	131.884	1.620	4999.998	5131.729	1008.007
CGR1	155.345	359.996	87.236	131.884	1.620	4999.992	5131.730	1007.980
CGR1	155.345	179.996	272.776	131.884	1.620	4999.991	5131.729	1008.009
CGR1	155.347	359.995	87.237	131.884	1.620	4999.989	5131.731	1007.980
CGR1	155.347	179.994	272.773	131.884	1.620	4999.987	5131.729	1008.002
CGR1	155.354	359.997	87.237	131.883	1.620	4999.993	5131.730	1007.979
CGR1	155.355	179.999	272.774	131.884	1.620	4999.997	5131.729	1008.004
CGR1	155.356	0.000	87.236	131.884	1.620	5000.000	5131.730	1007.980
CGR1	155.356	179.999	272.775	131.884	1.620	4999.998	5131.729	1008.006
CGR1	155.357	359.996	87.237	131.884	1.620	4999.991	5131.730	1007.979
CGR1	155.357	179.999	272.775	131.883	1.620	4999.997	5131.729	1008.006
CGR1	155.365	359.999	87.237	131.883	1.620	4999.998	5131.730	1007.979
CGR1	155.365	180.003	272.776	131.883	1.620	5000.006	5131.729	1008.008
CGR1	155.366	0.001	87.238	131.883	1.620	5000.002	5131.730	1007.976
CGR1	155.366	180.003	272.775	131.884	1.620	5000.007	5131.729	1008.006
CGR1	155.372	0.003	87.239	131.884	1.620	5000.006	5131.731	1007.975
CGR1	155.372	180.002	272.776	131.884	1.620	5000.005	5131.729	1008.008
