RRRR	6	18	19	6	180.00028	94.38417	23.078	5000	4976.99	999.936
1111	6	18	19	7	293.13611	94.27389	1136.234	3958.042	5445.211	917.111
2222	6	18	19	9	310.46444	93.08306	1513.959	3849.821	5981.114	920.432
3333	6	18	19	10	301.79889	93.90333	1152.524	4022.728	5605.909	923.333
RRRR	6	18	19	15	179.99972	94.38556	23.078	5000	4976.99	999.935
RRRR	6	18	19	15	359.99833	265.62333	23.078	5000.001	4976.989	999.939
1111	6	18	19	16	113.13056	265.73361	1136.209	3958.01	5445.103	917.262
1111	6	18	19	16	293.13139	94.27361	1136.208	3958.028	5445.115	917.119
2222	6	18	19	16	310.46139	93.08222	1513.914	3849.799	5981.021	920.457
2222	6	18	19	16	130.45972	266.92444	1513.913	3849.767	5980.996	920.627
3333	6	18	19	17	121.79389	266.10417	1152.494	4022.693	5605.815	923.486
3333	6	18	19	17	301.79556	93.90389	1152.492	4022.72	5605.835	923.326
RRRR	6	18	19	30	180.005	94.38278	23.078	4999.998	4976.99	999.936
RRRR	6	18	19	30	0.0025	265.62194	23.078	4999.999	4976.99	999.938
1111	6	18	19	31	113.12694	265.73361	1136.161	3958.027	5445.018	917.263
1111	6	18	19	31	293.12778	94.27361	1136.158	3958.047	5445.031	917.122
2222	6	18	19	31	310.46194	93.08194	1513.825	3849.879	5980.978	920.469
2222	6	18	19	32	130.46028	266.92361	1513.823	3849.846	5980.947	920.613
3333	6	18	19	32	121.79139	266.10389	1152.425	4022.723	5605.732	923.486
3333	6	18	19	32	301.79333	93.90389	1152.422	4022.756	5605.762	923.331
RRRR	6	18	19	45	180.00444	94.38389	23.077	4999.998	4976.99	999.936
RRRR	6	18	19	45	0.00333	265.62306	23.078	4999.999	4976.989	999.939
1111	6	18	19	46	113.11861	265.73389	1136.11	3958.009	5444.847	917.275
1111	6	18	19	46	293.11972	94.27167	1136.109	3958.027	5444.866	917.164
2222	6	18	19	46	310.45722	93.08083	1513.735	3849.862	5980.823	920.501
2222	6	18	19	47	130.45556	266.92444	1513.734	3849.829	5980.793	920.639
3333	6	18	19	47	121.78389	266.10333	1152.354	4022.706	5605.569	923.482
3333	6	18	19	47	301.78583	93.90361	1152.352	4022.736	5605.595	923.341
RRRR	6	18	20	1	180.00444	94.38472	23.078	4999.998	4976.99	999.936
RRRR	6	18	20	1	0.00222	265.62278	23.078	4999.999	4976.99	999.939
1111	6	18	20	2	113.11	265.73528	1136.055	3957.99	5444.667	917.302
1111	6	18	20	2	293.11139	94.27139	1136.054	3958.011	5444.692	917.173
2222	6	18	20	2	310.4525	93.08111	1513.638	3849.856	5980.665	920.501
2222	6	18	20	3	130.44944	266.92556	1513.635	3849.799	5980.608	920.675
3333	6	18	20	3	121.77583	266.105	1152.276	4022.686	5605.393	923.517
3333	6	18	20	3	301.77806	93.90222	1152.274	4022.717	5605.421	923.372
RRRR	6	18	20	15	180.00306	94.38556	23.078	4999.999	4976.99	999.935
RRRR	6	18	20	15	0.00194	265.62361	23.078	4999.999	4976.989	999.939
1111	6	18	20	16	113.10278	265.73722	1136.009	3957.975	5444.523	917.347
1111	6	18	20	16	293.10389	94.27028	1136.007	3957.995	5444.539	917.2
2222	6	18	20	16	310.44667	93.08056	1513.556	3849.821	5980.499	920.517
2222	6	18	20	16	130.44528	266.92611	1513.555	3849.791	5980.476	920.693
3333	6	18	20	17	121.76917	266.10639	1152.21	4022.669	5605.245	923.552
3333	6	18	20	17	301.77194	93.90389	1152.208	4022.712	5605.285	923.346
RRRR	6	18	20	30	180.00389	94.38444	23.077	4999.998	4976.99	999.936
RRRR	6	18	20	30	0.00306	265.62389	23.078	4999.999	4976.99	999.939
1111	6	18	20	31	113.0975	265.73806	1135.955	3957.982	5444.405	917.366
1111	6	18	20	31	293.09806	94.26889	1135.955	3957.996	5444.412	917.229
2222	6	18	20	31	310.44389	93.08028	1513.466	3849.841	5980.385	920.533
2222	6	18	20	32	130.44278	266.92667	1513.465	3849.816	5980.368	920.715
3333	6	18	20	32	121.76389	266.10694	1152.137	4022.673	5605.113	923.567
3333	6	18	20	32	301.76639	93.90194	1152.134	4022.714	5605.153	923.389
RRRR	6	18	20	51	180.00472	94.38528	23.078	4999.998	4976.99	999.935
RRRR	6	18	20	52	0.00278	265.62306	23.078	4999.999	4976.99	999.939
1111	6	18	20	52	113.08611	265.73972	1135.875	3957.964	5444.168	917.406
1111	6	18	20	52	293.08778	94.26667	1135.876	3957.985	5444.193	917.277
2222	6	18	20	53	310.43861	93.07972	1513.339	3849.846	5980.197	920.554
2222	6	18	20	53	130.43556	266.92667	1513.337	3849.791	5980.142	920.719
3333	6	18	20	53	121.75417	266.10889	1152.031	4022.66	5604.896	923.612
3333	6	18	20	54	301.75611	93.89944	1152.03	4022.692	5604.924	923.446
RRRR	6	18	21	0	180.00528	94.38528	23.077	4999.998	4976.99	999.935
RRRR	6	18	21	0	0.00306	265.6225	23.078	4999.999	4976.99	999.939
1111	6	18	21	1	113.08222	265.73944	1135.845	3957.963	5444.087	917.404
1111	6	18	21	1	293.08333	94.26583	1135.845	3957.979	5444.105	917.297
2222	6	18	21	1	310.43444	93.07833	1513.288	3849.813	5980.082	920.591
2222	6	18	21	1	130.43389	266.9275	1513.286	3849.797	5980.073	920.746
3333	6	18	21	2	121.75111	266.10944	1151.99	4022.66	5604.82	923.624
3333	6	18	21	2	301.75222	93.89889	1151.988	4022.685	5604.835	923.461
RRRR	6	18	21	15	180.00528	94.38583	23.078	4999.998	4976.99	999.935
RRRR	6	18	21	15	0.0025	265.62222	23.078	4999.999	4976.99	999.938
1111	6	18	21	16	113.07556	265.74139	1135.791	3957.958	5443.943	917.446
1111	6	18	21	16	293.07694	94.26472	1135.79	3957.978	5443.965	917.325
2222	6	18	21	16	310.43139	93.0775	1513.199	3849.828	5979.963	920.616
2222	6	18	21	16	130.42972	266.92889	1513.197	3849.791	5979.931	920.785
3333	6	18	21	17	121.74389	266.11083	1151.915	4022.647	5604.661	923.659
3333	6	18	21	17	301.74694	93.89833	1151.913	4022.692	5604.707	923.478
RRRR	6	18	21	30	180.00417	94.38417	23.078	4999.998	4976.99	999.936
RRRR	6	18	21	30	0.0025	265.62306	23.078	4999.999	4976.989	999.939
1111	6	18	21	30	113.06833	265.74333	1135.734	3957.95	5443.789	917.49
1111	6	18	21	31	293.07028	94.26222	1135.734	3957.973	5443.821	917.376
2222	6	18	21	31	310.42667	93.07639	1513.109	3849.81	5979.808	920.655
2222	6	18	21	32	130.425	266.92861	1513.107	3849.78	5979.78	920.787
3333	6	18	21	32	121.73694	266.11167	1151.84	4022.637	5604.504	923.683
3333	6	18	21	32	301.73917	93.89639	1151.837	4022.673	5604.537	923.52
RRRR	6	18	21	45	180.00361	94.38528	23.078	4999.999	4976.99	999.935
RRRR	6	18	21	45	0.00222	265.6225	23.078	4999.999	4976.99	999.939
1111	6	18	21	46	113.06111	265.74528	1135.679	3957.943	5443.641	917.531
1111	6	18	21	46	293.06194	94.26	1135.678	3957.959	5443.654	917.425
2222	6	18	21	46	310.42222	93.07444	1513.02	3849.804	5979.667	920.707
3333	6	18	21	48	121.73139	266.11333	1151.761	4022.641	5604.366	923.722
3333	6	18	21	48	301.73333	93.89361	1151.758	4022.673	5604.395	923.582
RRRR	6	18	22	0	180.00528	94.38583	23.078	4999.998	4976.99	999.935
RRRR	6	18	22	0	0.0025	265.62278	23.078	4999.999	4976.989	999.939
1111	6	18	22	1	113.05444	265.74806	1135.623	3957.94	5443.5	917.591
1111	6	18	22	1	293.05556	94.25917	1135.622	3957.957	5443.513	917.447
2222	6	18	22	1	310.41972	93.07472	1512.931	3849.827	5979.556	920.703
2222	6	18	22	2	130.41806	266.93194	1512.929	3849.794	5979.529	920.883
3333	6	18	22	2	121.72417	266.11417	1151.689	4022.627	5604.208	923.741
3333	6	18	22	2	301.72778	93.8925	1151.686	4022.675	5604.263	923.609
RRRR	6	18	22	15	180.00389	94.38556	23.078	4999.998	4976.99	999.935
RRRR	6	18	22	15	0.00167	265.62444	23.078	4999.999	4976.989	999.939
1111	6	18	22	16	113.0475	265.75028	1135.566	3957.935	5443.352	917.64
1111	6	18	22	16	293.04861	94.25583	1135.564	3957.954	5443.367	917.516
2222	6	18	22	16	310.41444	93.07444	1512.841	3849.806	5979.395	920.72
2222	6	18	22	17	130.41333	266.93389	1512.839	3849.777	5979.374	920.934
3333	6	18	22	17	121.71861	266.11694	1151.613	4022.628	5604.074	923.802
3333	6	18	22	17	301.72111	93.89111	1151.612	4022.664	5604.11	923.642
RRRR	6	18	22	30	180.005	94.38556	23.078	4999.998	4976.99	999.935
RRRR	6	18	22	30	0.00167	265.62333	23.078	4999.999	4976.989	999.939
1111	6	18	22	31	113.04028	265.75222	1135.512	3957.925	5443.198	917.68
1111	6	18	22	31	293.04222	94.25389	1135.511	3957.951	5443.233	917.558
2222	6	18	22	31	310.41028	93.07222	1512.752	3849.801	5979.256	920.781
2222	6	18	22	32	130.40861	266.93472	1512.749	3849.766	5979.226	920.967
3333	6	18	22	32	121.71194	266.11806	1151.539	4022.621	5603.925	923.832
3333	6	18	22	32	301.71472	93.88861	1151.537	4022.658	5603.964	923.698
RRRR	6	18	22	45	180.00333	94.38583	23.078	4999.999	4976.99	999.935
RRRR	6	18	22	45	0.00222	265.62361	23.078	4999.999	4976.989	999.939
1111	6	18	22	45	113.03333	265.75583	1135.458	3957.916	5443.053	917.757
1111	6	18	22	46	293.03472	94.25361	1135.455	3957.943	5443.072	917.572
2222	6	18	22	46	310.40583	93.07194	1512.663	3849.793	5979.11	920.793
2222	6	18	22	47	130.40444	266.9375	1512.661	3849.758	5979.085	921.04
3333	6	18	22	47	121.705	266.12194	1151.465	4022.606	5603.77	923.911
3333	6	18	22	47	301.70694	93.88972	1151.463	4022.642	5603.793	923.677
RRRR	6	18	23	0	180.00306	94.38583	23.078	4999.999	4976.99	999.935
RRRR	6	18	23	0	0.00111	265.6225	23.078	5000	4976.989	999.939
1111	6	18	23	1	113.02528	265.75611	1135.403	3957.904	5442.887	917.766
1111	6	18	23	1	293.02889	94.25083	1135.402	3957.943	5442.949	917.626
2222	6	18	23	1	310.40194	93.07139	1512.574	3849.79	5978.97	920.811
2222	6	18	23	2	130.40028	266.93556	1512.573	3849.754	5978.943	920.993
3333	6	18	23	2	121.69972	266.11944	1151.392	4022.614	5603.637	923.868
3333	6	18	23	2	301.70111	93.88722	1151.389	4022.641	5603.658	923.733
RRRR	6	18	23	15	180.00556	94.38583	23.078	4999.998	4976.99	999.935
RRRR	6	18	23	15	0.00222	265.62194	23.078	4999.999	4976.989	999.938
1111	6	18	23	16	113.01889	265.75889	1135.348	3957.901	5442.748	917.823
1111	6	18	23	16	293.02111	94.24833	1135.347	3957.931	5442.788	917.679
2222	6	18	23	16	310.39944	93.07083	1512.485	3849.814	5978.863	920.831
2222	6	18	23	17	130.39722	266.93778	1512.483	3849.768	5978.824	921.054
3333	6	18	23	17	121.69417	266.12278	1151.318	4022.616	5603.508	923.937
3333	6	18	23	17	301.69556	93.88528	1151.316	4022.642	5603.526	923.778
RRRR	6	18	23	30	180.00389	94.38306	23.078	4999.998	4976.99	999.936
RRRR	6	18	23	30	0.00194	265.6225	23.078	4999.999	4976.99	999.939
1111	6	18	23	31	113.0125	265.75917	1135.294	3957.901	5442.613	917.835
1111	6	18	23	31	293.01444	94.2475	1135.293	3957.926	5442.646	917.702
2222	6	18	23	31	310.39472	93.06806	1512.396	3849.797	5978.712	920.909
2222	6	18	23	32	130.39139	266.93833	1512.394	3849.738	5978.653	921.078
3333	6	18	23	32	121.68667	266.12361	1151.245	4022.599	5603.343	923.959
3333	6	18	23	32	301.68806	93.88389	1151.243	4022.622	5603.359	923.81
RRRR	6	18	23	45	180.00278	94.38167	23.078	4999.999	4976.99	999.937
RRRR	6	18	23	45	0.00278	265.62333	23.078	4999.999	4976.989	999.939
1111	6	18	23	46	113.00556	265.76083	1135.24	3957.895	5442.467	917.874
1111	6	18	23	46	293.0075	94.24333	1135.242	3957.913	5442.499	917.791
2222	6	18	23	46	310.39028	93.0675	1512.306	3849.793	5978.57	920.931
2222	6	18	23	47	130.38833	266.93889	1512.305	3849.752	5978.534	921.095
3333	6	18	23	47	121.68028	266.12306	1151.171	4022.592	5603.193	923.953
3333	6	18	23	47	301.68278	93.88167	1151.17	4022.625	5603.231	923.857
RRRR	6	19	0	0	180.00306	94.38444	23.078	4999.999	4976.99	999.936
RRRR	6	19	0	0	0.00361	265.62444	23.078	4999.999	4976.99	999.939
1111	6	19	0	1	112.99889	265.76306	1135.191	3957.886	5442.328	917.92
1111	6	19	0	1	293.00028	94.24472	1135.19	3957.907	5442.346	917.762
2222	6	19	0	1	310.38667	93.06778	1512.219	3849.796	5978.439	920.924
2222	6	19	0	2	130.38389	266.94028	1512.218	3849.744	5978.392	921.135
3333	6	19	0	2	121.67278	266.12611	1151.101	4022.571	5603.031	924.019
3333	6	19	0	2	301.67444	93.88333	1151.1	4022.6	5603.053	923.832
RRRR	6	19	0	15	180.005	94.38528	23.078	4999.998	4976.99	999.935
RRRR	6	19	0	15	0.00222	265.62472	23.078	4999.999	4976.989	999.939
1111	6	19	0	16	112.99028	265.76333	1135.142	3957.864	5442.151	917.928
1111	6	19	0	16	292.99222	94.24333	1135.142	3957.887	5442.182	917.793
2222	6	19	0	16	310.38194	93.06722	1512.13	3849.785	5978.29	920.945
2222	6	19	0	17	130.37917	266.94028	1512.128	3849.732	5978.24	921.141
3333	6	19	0	17	121.66722	266.12583	1151.03	4022.573	5602.9	924.02
3333	6	19	0	17	301.66833	93.88222	1151.029	4022.596	5602.914	923.857
RRRR	6	19	0	30	180.00556	94.38444	23.078	4999.998	4976.99	999.936
RRRR	6	19	0	30	0.00139	265.62194	23.078	4999.999	4976.99	999.938
1111	6	19	0	31	112.98389	265.76417	1135.093	3957.858	5442.015	917.946
1111	6	19	0	31	292.98639	94.2425	1135.093	3957.888	5442.061	917.813
2222	6	19	0	31	310.3775	93.06639	1512.042	3849.774	5978.142	920.971
2222	6	19	0	32	130.37528	266.94028	1512.039	3849.731	5978.102	921.149
3333	6	19	0	32	121.65972	266.12694	1150.96	4022.551	5602.735	924.048
3333	6	19	0	32	301.66222	93.88111	1150.959	4022.589	5602.772	923.884
RRRR	6	19	0	45	180.00361	94.38444	23.078	4999.998	4976.989	999.936
RRRR	6	19	0	45	0.00278	265.62222	23.078	4999.999	4976.989	999.938
1111	6	19	0	46	112.97528	265.76528	1135.046	3957.833	5441.842	917.975
1111	6	19	0	46	292.9775	94.24306	1135.045	3957.863	5441.877	917.807
2222	6	19	0	46	310.37417	93.06583	1511.953	3849.781	5978.015	920.988
2222	6	19	0	47	130.37194	266.94028	1511.952	3849.739	5977.977	921.155
3333	6	19	0	47	121.65361	266.12694	1150.892	4022.546	5602.598	924.055
3333	6	19	0	47	301.65583	93.88056	1150.89	4022.578	5602.626	923.899
RRRR	6	19	1	0	180.00417	94.38444	23.078	4999.998	4976.99	999.936
RRRR	6	19	1	0	0.00278	265.6225	23.078	4999.999	4976.989	999.939
1111	6	19	1	0	112.96944	265.76583	1134.999	3957.832	5441.72	917.987
1111	6	19	1	1	292.97111	94.24056	1134.998	3957.854	5441.747	917.863
2222	6	19	1	1	310.36833	93.06639	1511.865	3849.752	5977.844	920.98
2222	6	19	1	1	130.36611	266.94083	1511.863	3849.705	5977.802	921.169
3333	6	19	1	2	121.64611	266.12694	1150.825	4022.522	5602.432	924.056
3333	6	19	1	2	301.64861	93.87917	1150.823	4022.56	5602.473	923.931
RRRR	6	19	1	15	180.00333	94.38361	23.078	4999.999	4976.99	999.936
RRRR	6	19	1	15	0.00139	265.6225	23.078	4999.999	4976.99	999.939
1111	6	19	1	16	112.96111	265.76472	1134.956	3957.809	5441.552	917.966
1111	6	19	1	16	292.96306	94.23972	1134.955	3957.831	5441.585	917.881
2222	6	19	1	16	310.36361	93.06556	1511.777	3849.736	5977.691	921.006
2222	6	19	1	17	130.36167	266.94	1511.775	3849.7	5977.657	921.154
3333	6	19	1	17	121.63944	266.12667	1150.758	4022.512	5602.286	924.055
3333	6	19	1	17	301.64167	93.87972	1150.756	4022.544	5602.318	923.927
RRRR	6	19	1	30	180.00528	94.38472	23.078	4999.998	4976.99	999.936
RRRR	6	19	1	30	0.00278	265.62417	23.078	4999.999	4976.99	999.939
1111	6	19	1	31	112.95389	265.76556	1134.912	3957.791	5441.401	917.99
1111	6	19	1	31	292.95472	94.24222	1134.911	3957.81	5441.413	917.832
2222	6	19	1	31	310.36056	93.06528	1511.689	3849.752	5977.574	921.018
2222	6	19	1	32	130.35694	266.94083	1511.687	3849.687	5977.509	921.182
3333	6	19	1	32	121.6325	266.12667	1150.692	4022.493	5602.13	924.061
3333	6	19	1	32	301.635	93.88167	1150.69	4022.53	5602.165	923.895
RRRR	6	19	1	45	180.005	94.38528	23.078	4999.998	4976.99	999.935
RRRR	6	19	1	45	0.0025	265.62444	23.078	4999.999	4976.989	999.939
1111	6	19	1	45	112.94556	265.765	1134.871	3957.766	5441.235	917.98
1111	6	19	1	46	292.94694	94.24139	1134.87	3957.786	5441.254	917.851
2222	6	19	1	46	310.35611	93.06583	1511.601	3849.746	5977.43	921.01
2222	6	19	1	47	130.35333	266.94167	1511.599	3849.689	5977.377	921.212
3333	6	19	1	47	121.62583	266.12639	1150.628	4022.478	5601.983	924.059
3333	6	19	1	47	301.62778	93.88139	1150.626	4022.509	5602.01	923.904
RRRR	6	19	2	0	180.00556	94.38444	23.078	4999.998	4976.99	999.936
RRRR	6	19	2	0	0.00333	265.62222	23.078	4999.999	4976.989	999.938
1111	6	19	2	1	112.9375	265.76389	1134.829	3957.744	5441.071	917.964
1111	6	19	2	1	292.94028	94.24361	1134.829	3957.776	5441.119	917.811
2222	6	19	2	1	310.35056	93.06611	1511.513	3849.715	5977.258	921.009
2222	6	19	2	2	130.34861	266.93972	1511.511	3849.676	5977.222	921.158
3333	6	19	2	2	121.61861	266.12667	1150.564	4022.457	5601.827	924.066
3333	6	19	2	2	301.62028	93.88028	1150.562	4022.485	5601.851	923.928
RRRR	6	19	2	15	180.00472	94.38389	23.078	4999.998	4976.99	999.936
RRRR	6	19	2	15	0.00333	265.62194	23.078	4999.999	4976.989	999.938
1111	6	19	2	16	112.92944	265.76194	1134.79	3957.72	5440.906	917.925
1111	6	19	2	16	292.93139	94.24306	1134.79	3957.741	5440.938	917.828
2222	6	19	2	16	310.34639	93.06639	1511.424	3849.711	5977.115	921.001
2222	6	19	2	17	130.34472	266.94	1511.423	3849.679	5977.09	921.17
3333	6	19	2	17	121.61111	266.12444	1150.501	4022.435	5601.665	924.026
3333	6	19	2	17	301.61306	93.88222	1150.498	4022.464	5601.691	923.895
RRRR	6	19	2	30	180.00472	94.38417	23.078	4999.998	4976.99	999.936
RRRR	6	19	2	30	0.00333	265.62306	23.078	4999.999	4976.99	999.939
1111	6	19	2	30	112.92194	265.76194	1134.753	3957.697	5440.757	917.929
1111	6	19	2	31	292.92389	94.24528	1134.751	3957.723	5440.786	917.784
2222	6	19	2	31	310.34056	93.0675	1511.335	3849.684	5976.944	920.98
2222	6	19	2	32	130.33861	266.93833	1511.333	3849.646	5976.908	921.133
3333	6	19	2	32	121.60333	266.12361	1150.438	4022.408	5601.5	924.014
3333	6	19	2	32	301.60556	93.8825	1150.436	4022.439	5601.53	923.892
RRRR	6	19	2	45	180.00528	94.38444	23.078	4999.998	4976.99	999.936
RRRR	6	19	2	45	0.00361	265.62306	23.078	4999.999	4976.989	999.939
1111	6	19	2	46	112.91389	265.75944	1134.713	3957.674	5440.593	917.882
1111	6	19	2	46	292.91444	94.245	1134.713	3957.684	5440.601	917.792
2222	6	19	2	46	310.33639	93.06778	1511.247	3849.678	5976.801	920.976
2222	6	19	2	47	130.33417	266.9375	1511.246	3849.636	5976.761	921.119
3333	6	19	2	47	121.59472	266.12361	1150.376	4022.369	5601.319	924.021
3333	6	19	2	47	301.59806	93.88306	1150.374	4022.414	5601.371	923.883
RRRR	6	19	3	0	180.00556	94.38444	23.078	4999.998	4976.99	999.936
RRRR	6	19	3	0	0.00333	265.62139	23.078	4999.999	4976.99	999.938
1111	6	19	3	1	112.90639	265.75861	1134.676	3957.653	5440.444	917.866
1111	6	19	3	1	292.90778	94.2475	1134.677	3957.67	5440.463	917.749
2222	6	19	3	1	310.33278	93.06972	1511.16	3849.684	5976.67	920.934
2222	6	19	3	2	130.32889	266.93722	1511.158	3849.612	5976.597	921.117
3333	6	19	3	2	121.58861	266.12111	1150.314	4022.36	5601.179	923.971
3333	6	19	3	2	301.59056	93.88389	1150.312	4022.388	5601.209	923.873
RRRR	6	19	3	15	180.00417	94.38306	23.078	4999.998	4976.99	999.936
RRRR	6	19	3	15	0.00444	265.62333	23.078	4999.998	4976.99	999.939
1111	6	19	3	16	112.89667	265.75611	1134.64	3957.614	5440.249	917.821
1111	6	19	3	16	292.89806	94.24917	1134.64	3957.631	5440.271	917.716
2222	6	19	3	16	310.32667	93.06861	1511.071	3849.65	5976.494	920.962
2222	6	19	3	17	130.32417	266.93583	1511.069	3849.603	5976.446	921.086
3333	6	19	3	17	121.58056	266.11917	1150.253	4022.33	5601.009	923.94
3333	6	19	3	17	301.58056	93.8875	1150.251	4022.339	5601.002	923.806
RRRR	6	19	3	30	180.00444	94.385	23.078	4999.998	4976.99	999.936
RRRR	6	19	3	30	0.00333	265.62167	23.078	4999.999	4976.99	999.938
1111	6	19	3	30	112.88861	265.75417	1134.604	3957.587	5440.089	917.786
1111	6	19	3	31	292.88889	94.25111	1134.602	3957.599	5440.091	917.684
2222	6	19	3	31	310.32028	93.07111	1510.982	3849.608	5976.302	920.905
2222	6	19	3	32	130.31917	266.93639	1510.98	3849.586	5976.289	921.101
3333	6	19	3	32	121.57306	266.11806	1150.191	4022.305	5600.848	923.919
3333	6	19	3	32	301.57389	93.8875	1150.19	4022.323	5600.86	923.811
RRRR	6	19	3	45	180.00417	94.38389	23.078	4999.998	4976.99	999.936
RRRR	6	19	3	45	0.00306	265.62333	23.078	4999.999	4976.989	999.939
1111	6	19	3	46	112.88	265.7525	1134.568	3957.557	5439.917	917.756
1111	6	19	3	46	292.88139	94.25306	1134.569	3957.574	5439.939	917.646
2222	6	19	3	46	310.31667	93.07222	1510.894	3849.616	5976.174	920.882
2222	6	19	3	47	130.31389	266.93472	1510.891	3849.561	5976.119	921.061
3333	6	19	3	47	121.56528	266.1175	1150.131	4022.275	5600.682	923.913
3333	6	19	3	47	301.5675	93.88944	1150.129	4022.309	5600.717	923.777
RRRR	6	19	4	0	180.00472	94.385	23.078	4999.998	4976.99	999.936
RRRR	6	19	4	0	0.00306	265.62194	23.078	4999.999	4976.99	999.938
1111	6	19	4	1	112.87194	265.75028	1134.53	3957.532	5439.753	917.713
1111	6	19	4	1	292.87306	94.255	1134.529	3957.548	5439.769	917.613
2222	6	19	4	1	310.31194	93.07361	1510.804	3849.604	5976.018	920.851
2222	6	19	4	2	130.31056	266.93361	1510.803	3849.572	5975.994	921.039
3333	6	19	4	2	121.55778	266.11639	1150.068	4022.253	5600.524	923.898
3333	6	19	4	2	301.56028	93.89	1150.066	4022.286	5600.559	923.766
RRRR	6	19	4	15	180.00528	94.38472	23.078	4999.998	4976.99	999.936
RRRR	6	19	4	15	0.00306	265.62222	23.078	4999.999	4976.99	999.938
1111	6	19	4	16	112.86306	265.74833	1134.493	3957.502	5439.577	917.681
1111	6	19	4	16	292.86389	94.2575	1134.493	3957.514	5439.587	917.565
2222	6	19	4	16	310.30611	93.07361	1510.716	3849.574	5975.847	920.85
2222	6	19	4	17	130.30472	266.93139	1510.713	3849.544	5975.818	920.986
3333	6	19	4	17	121.54972	266.11472	1150.007	4022.223	5600.354	923.865
3333	6	19	4	17	301.55167	93.89139	1150.005	4022.252	5600.382	923.745
RRRR	6	19	4	30	180.00417	94.38444	23.078	4999.998	4976.99	999.936
RRRR	6	19	4	30	0.005	265.6225	23.078	4999.998	4976.99	999.939
1111	6	19	4	30	112.85472	265.74583	1134.456	3957.474	5439.409	917.634
1111	6	19	4	31	292.85667	94.25861	1134.455	3957.497	5439.443	917.544
2222	6	19	4	31	310.30194	93.07361	1510.627	3849.568	5975.701	920.857
2222	6	19	4	31	130.3	266.93222	1510.625	3849.533	5975.67	921.009
3333	6	19	4	32	121.54222	266.1125	1149.945	4022.197	5600.189	923.826
3333	6	19	4	32	301.54417	93.89389	1149.943	4022.228	5600.22	923.699
RRRR	6	19	4	45	180.00528	94.38556	23.078	4999.998	4976.99	999.935
RRRR	6	19	4	45	0.00333	265.62333	23.078	4999.999	4976.989	999.939
1111	6	19	4	46	112.84667	265.74583	1134.418	3957.448	5439.248	917.637
1111	6	19	4	46	292.84778	94.26083	1134.417	3957.466	5439.264	917.503
2222	6	19	4	46	310.29722	93.07639	1510.538	3849.561	5975.55	920.79
2222	6	19	4	47	130.29583	266.93333	1510.535	3849.528	5975.528	921.046
3333	6	19	4	47	121.53444	266.11278	1149.882	4022.168	5600.023	923.834
3333	6	19	4	47	301.53667	93.89472	1149.881	4022.202	5600.056	923.687
RRRR	6	19	5	0	180.00472	94.38472	23.078	4999.998	4976.99	999.936
RRRR	6	19	5	0	0.00417	265.6225	23.078	4999.998	4976.989	999.939
1111	6	19	5	1	112.83944	265.74556	1134.378	3957.43	5439.102	917.63
1111	6	19	5	1	292.84222	94.26222	1134.378	3957.461	5439.146	917.479
2222	6	19	5	1	310.29389	93.07694	1510.45	3849.571	5975.425	920.781
2222	6	19	5	2	130.29306	266.93111	1510.448	3849.548	5975.412	920.994
3333	6	19	5	2	121.52889	266.11167	1149.82	4022.165	5599.895	923.82
3333	6	19	5	2	301.53111	93.89528	1149.818	4022.198	5599.927	923.681
RRRR	6	19	5	15	180.00583	94.38472	23.078	4999.998	4976.99	999.936
RRRR	6	19	5	15	0.00361	265.62333	23.078	4999.999	4976.989	999.939
1111	6	19	5	16	112.83194	265.74139	1134.338	3957.414	5438.945	917.552
1111	6	19	5	16	292.83167	94.26222	1134.337	3957.418	5438.938	917.482
2222	6	19	5	16	310.28917	93.07556	1510.36	3849.559	5975.274	920.819
2222	6	19	5	17	130.28694	266.92806	1510.358	3849.517	5975.23	920.919
3333	6	19	5	17	121.52167	266.10806	1149.755	4022.149	5599.736	923.748
3333	6	19	5	17	301.52222	93.89556	1149.753	4022.16	5599.743	923.676
RRRR	6	19	5	30	180.00528	94.38417	23.078	4999.998	4976.99	999.936
RRRR	6	19	5	30	0.00306	265.62222	23.078	4999.999	4976.989	999.938
1111	6	19	5	31	112.82361	265.7425	1134.298	3957.386	5438.782	917.578
1111	6	19	5	31	292.82389	94.26472	1134.297	3957.4	5438.784	917.435
2222	6	19	5	31	310.28417	93.0775	1510.273	3849.541	5975.114	920.776
2222	6	19	5	32	130.28306	266.92917	1510.271	3849.515	5975.095	920.952
3333	6	19	5	32	121.51444	266.10972	1149.691	4022.125	5599.581	923.788
3333	6	19	5	32	301.51528	93.89944	1149.689	4022.148	5599.591	923.605
RRRR	6	19	5	45	180.00611	94.38472	23.078	4999.998	4976.99	999.936
RRRR	6	19	5	45	0.00472	265.62167	23.078	4999.998	4976.99	999.938
1111	6	19	5	46	112.81472	265.74	1134.255	3957.36	5438.598	917.534
1111	6	19	5	46	292.81611	94.26528	1134.253	3957.381	5438.624	917.428
2222	6	19	5	46	310.27944	93.07861	1510.183	3849.529	5974.958	920.751
2222	6	19	5	47	130.27833	266.92833	1510.181	3849.508	5974.946	920.93
3333	6	19	5	47	121.50667	266.10722	1149.625	4022.102	5599.411	923.742
3333	6	19	5	47	301.5075	93.89833	1149.623	4022.122	5599.424	923.634
RRRR	6	19	6	0	180.00556	94.38444	23.078	4999.998	4976.99	999.936
RRRR	6	19	6	0	0.00444	265.62167	23.078	4999.998	4976.989	999.938
1111	6	19	6	1	112.80806	265.73972	1134.21	3957.351	5438.46	917.531
1111	6	19	6	1	292.80861	94.26556	1134.21	3957.364	5438.471	917.423
2222	6	19	6	1	310.27444	93.07778	1510.093	3849.513	5974.804	920.774
2222	6	19	6	1	130.27389	266.92806	1510.09	3849.501	5974.797	920.93
3333	6	19	6	2	121.49889	266.10833	1149.558	4022.078	5599.244	923.768
3333	6	19	6	2	301.50111	93.89889	1149.556	4022.11	5599.275	923.625
RRRR	6	19	6	15	180.00583	94.38417	23.078	4999.998	4976.99	999.936
RRRR	6	19	6	15	0.00472	265.62306	23.078	4999.998	4976.989	999.939
1111	6	19	6	16	112.79944	265.74056	1134.162	3957.328	5438.288	917.551
1111	6	19	6	16	292.80139	94.26556	1134.163	3957.351	5438.32	917.431
2222	6	19	6	16	310.27139	93.07694	1510.003	3849.527	5974.682	920.802
2222	6	19	6	17	130.26861	266.92944	1510.001	3849.477	5974.633	920.969
3333	6	19	6	17	121.49194	266.10806	1149.49	4022.063	5599.091	923.767
3333	6	19	6	17	301.49361	93.89833	1149.488	4022.091	5599.115	923.639
RRRR	6	19	6	30	180.005	94.38278	23.078	4999.998	4976.99	999.936
RRRR	6	19	6	30	0.00472	265.62167	23.078	4999.998	4976.989	999.938
1111	6	19	6	31	112.79111	265.74111	1134.118	3957.305	5438.118	917.564
1111	6	19	6	31	292.79333	94.26389	1134.117	3957.329	5438.155	917.466
2222	6	19	6	31	310.26583	93.07528	1509.915	3849.502	5974.519	920.85
2222	6	19	6	32	130.26444	266.92917	1509.913	3849.475	5974.495	920.968
3333	6	19	6	32	121.48472	266.10778	1149.421	4022.048	5598.934	923.767
3333	6	19	6	32	301.48667	93.8975	1149.419	4022.075	5598.96	923.659
RRRR	6	19	6	45	180.00583	94.38278	23.078	4999.998	4976.99	999.936
RRRR	6	19	6	45	0.00444	265.62278	23.078	4999.998	4976.989	999.939
1111	6	19	6	46	112.78417	265.74083	1134.068	3957.298	5437.973	917.565
1111	6	19	6	46	292.785	94.26389	1134.067	3957.311	5437.984	917.47
2222	6	19	6	46	310.26167	93.0775	1509.824	3849.5	5974.373	920.801
2222	6	19	6	47	130.25972	266.92833	1509.822	3849.464	5974.34	920.954
3333	6	19	6	47	121.47778	266.10833	1149.352	4022.034	5598.78	923.785
3333	6	19	6	47	301.47972	93.89861	1149.35	4022.062	5598.804	923.642
RRRR	6	19	7	0	180.00583	94.38472	23.078	4999.998	4976.99	999.936
RRRR	6	19	7	0	0.00528	265.6225	23.078	4999.998	4976.99	999.939
1111	6	19	7	1	112.77611	265.74222	1134.019	3957.28	5437.81	917.595
1111	6	19	7	1	292.77778	94.2625	1134.018	3957.299	5437.836	917.501
2222	6	19	7	1	310.25722	93.07667	1509.735	3849.491	5974.227	920.826
2222	6	19	7	2	130.25472	266.93	1509.732	3849.445	5974.181	920.998
3333	6	19	7	2	121.47083	266.10944	1149.281	4022.019	5598.624	923.811
3333	6	19	7	2	301.47306	93.89722	1149.28	4022.051	5598.654	923.675
RRRR	6	19	7	15	180.00472	94.38361	23.078	4999.998	4976.99	999.936
RRRR	6	19	7	15	0.00417	265.62361	23.078	4999.998	4976.989	999.939
1111	6	19	7	15	112.77	265.74417	1133.968	3957.276	5437.676	917.634
1111	6	19	7	16	292.76972	94.26222	1133.967	3957.286	5437.672	917.508
2222	6	19	7	16	310.25194	93.07639	1509.646	3849.471	5974.066	920.836
2222	6	19	7	16	130.25111	266.93278	1509.643	3849.445	5974.051	921.075
3333	6	19	7	17	121.46444	266.11222	1149.21	4022.011	5598.481	923.871
3333	6	19	7	17	301.46583	93.895	1149.207	4022.035	5598.496	923.726
RRRR	6	19	7	30	180.00667	94.38444	23.078	4999.997	4976.99	999.936
RRRR	6	19	7	30	0.00417	265.62361	23.078	4999.998	4976.989	999.939
1111	6	19	7	31	112.76139	265.74694	1133.914	3957.257	5437.503	917.694
1111	6	19	7	31	292.76306	94.26139	1133.915	3957.281	5437.53	917.532
2222	6	19	7	31	310.24833	93.07556	1509.556	3849.475	5973.933	920.863
2222	6	19	7	32	130.24583	266.9325	1509.553	3849.429	5973.891	921.072
3333	6	19	7	32	121.45722	266.11306	1149.138	4021.994	5598.317	923.893
3333	6	19	7	32	301.45944	93.895	1149.136	4022.029	5598.349	923.732
RRRR	6	19	7	45	180.005	94.38306	23.078	4999.998	4976.99	999.936
RRRR	6	19	7	45	0.00306	265.62167	23.078	4999.999	4976.989	999.938
1111	6	19	7	46	112.75472	265.74556	1133.86	3957.258	5437.36	917.671
1111	6	19	7	46	292.75583	94.2575	1133.86	3957.27	5437.376	917.61
2222	6	19	7	46	310.24306	93.07222	1509.465	3849.45	5973.77	920.957
2222	6	19	7	47	130.24194	266.93083	1509.465	3849.43	5973.752	921.037
3333	6	19	7	47	121.45083	266.11056	1149.064	4021.994	5598.169	923.845
3333	6	19	7	47	301.45306	93.89194	1149.062	4022.021	5598.204	923.796
RRRR	6	19	8	0	180.00556	94.38556	23.078	4999.998	4976.99	999.935
RRRR	6	19	8	0	0.00417	265.62333	23.078	4999.998	4976.989	999.939
1111	6	19	8	1	112.74889	265.75083	1133.807	3957.255	5437.236	917.781
1111	6	19	8	1	292.74917	94.25556	1133.804	3957.269	5437.239	917.654
2222	6	19	8	1	310.23972	93.07361	1509.377	3849.466	5973.649	920.923
2222	6	19	8	2	130.2375	266.93333	1509.375	3849.419	5973.606	921.107
3333	6	19	8	2	121.44361	266.11556	1148.991	4021.975	5598.012	923.952
3333	6	19	8	2	301.44722	93.89194	1148.988	4022.024	5598.067	923.801
RRRR	6	19	8	15	180.00528	94.38611	23.078	4999.998	4976.99	999.935
RRRR	6	19	8	15	0.005	265.62361	23.078	4999.998	4976.989	999.939
1111	6	19	8	16	112.74139	265.75028	1133.752	3957.248	5437.076	917.772
1111	6	19	8	16	292.74139	94.255	1133.752	3957.257	5437.077	917.67
2222	6	19	8	16	310.23611	93.0725	1509.287	3849.472	5973.52	920.955
2222	6	19	8	17	130.23361	266.93583	1509.284	3849.42	5973.473	921.181
3333	6	19	8	17	121.43778	266.1175	1148.917	4021.974	5597.873	923.994
3333	6	19	8	17	301.44028	93.89056	1148.915	4022.012	5597.91	923.832
RRRR	6	19	8	30	180.00667	94.38472	23.078	4999.997	4976.99	999.936
RRRR	6	19	8	30	0.005	265.6225	23.078	4999.998	4976.99	999.939
1111	6	19	8	31	112.73417	265.75333	1133.695	3957.244	5436.928	917.836
1111	6	19	8	31	292.735	94.25111	1133.696	3957.253	5436.938	917.75
2222	6	19	8	31	310.23111	93.06944	1509.196	3849.452	5973.363	921.046
2222	6	19	8	32	130.22944	266.93722	1509.195	3849.415	5973.331	921.215
3333	6	19	8	32	121.43083	266.11861	1148.842	4021.964	5597.718	924.021
3333	6	19	8	32	301.43333	93.88778	1148.84	4022	5597.755	923.896
RRRR	6	19	8	45	180.00528	94.38222	23.078	4999.998	4976.99	999.937
RRRR	6	19	8	45	0.00417	265.62111	23.078	4999.998	4976.989	999.938
1111	6	19	8	46	112.72667	265.75417	1133.639	3957.236	5436.771	917.859
1111	6	19	8	46	292.72806	94.24861	1133.638	3957.251	5436.793	917.803
2222	6	19	8	46	310.22639	93.06611	1509.106	3849.437	5973.213	921.133
2222	6	19	8	47	130.225	266.93611	1509.103	3849.41	5973.182	921.198
3333	6	19	8	47	121.42556	266.11694	1148.766	4021.976	5597.588	923.998
3333	6	19	8	47	301.42722	93.88556	1148.764	4021.999	5597.615	923.944
RRRR	6	19	9	0	180.00444	94.38278	23.078	4999.998	4976.99	999.936
RRRR	6	19	9	0	0.00306	265.62194	23.078	4999.999	4976.99	999.938
1111	6	19	9	1	112.71889	265.7575	1133.58	3957.225	5436.604	917.927
1111	6	19	9	1	292.72167	94.24639	1133.579	3957.254	5436.656	917.85
2222	6	19	9	1	310.22306	93.0675	1509.016	3849.451	5973.087	921.104
2222	6	19	9	2	130.22111	266.93806	1509.012	3849.412	5973.047	921.25
3333	6	19	9	2	121.41917	266.12056	1148.69	4021.97	5597.442	924.07
3333	6	19	9	2	301.42111	93.88389	1148.688	4021.998	5597.472	923.983
RRRR	6	19	9	15	180.00444	94.38361	23.078	4999.998	4976.99	999.936
RRRR	6	19	9	15	0.005	265.62167	23.078	4999.998	4976.99	999.938
1111	6	19	9	16	112.71194	265.76083	1133.521	3957.222	5436.456	918
1111	6	19	9	16	292.71444	94.24472	1133.521	3957.249	5436.499	917.887
2222	6	19	9	16	310.21889	93.06694	1508.923	3849.448	5972.942	921.125
2222	6	19	9	17	130.21667	266.93917	1508.922	3849.403	5972.901	921.286
3333	6	19	9	17	121.41194	266.12194	1148.614	4021.959	5597.281	924.108
3333	6	19	9	17	301.41528	93.88361	1148.612	4022	5597.329	923.994
RRRR	6	19	9	30	180.00528	94.38528	23.078	4999.998	4976.99	999.935
RRRR	6	19	9	30	0.00389	265.62194	23.078	4999.998	4976.99	999.938
1111	6	19	9	31	112.70611	265.76278	1133.464	3957.229	5436.334	918.043
1111	6	19	9	31	292.70806	94.2425	1133.462	3957.252	5436.361	917.934
2222	6	19	9	31	310.21389	93.06472	1508.833	3849.429	5972.785	921.186
2222	6	19	9	32	130.21194	266.94222	1508.831	3849.391	5972.751	921.369
3333	6	19	9	32	121.40611	266.12583	1148.539	4021.955	5597.142	924.189
3333	6	19	9	32	301.4075	93.87972	1148.537	4021.979	5597.163	924.079
RRRR	6	19	9	45	180.00389	94.38528	23.078	4999.998	4976.99	999.935
RRRR	6	19	9	45	0.00389	265.62333	23.078	4999.998	4976.989	999.939
1111	6	19	9	46	112.69944	265.76833	1133.408	3957.221	5436.19	918.155
1111	6	19	9	46	292.70083	94.23889	1133.407	3957.242	5436.211	918.01
2222	6	19	9	46	310.21083	93.06444	1508.745	3849.447	5972.669	921.201
2222	6	19	9	47	130.20889	266.94694	1508.742	3849.403	5972.637	921.496
3333	6	19	9	47	121.39944	266.12778	1148.465	4021.946	5596.991	924.235
3333	6	19	9	47	301.4025	93.87944	1148.463	4021.989	5597.037	924.087
RRRR	6	19	10	0	180.005	94.38389	23.078	4999.998	4976.99	999.936
RRRR	6	19	10	0	0.00278	265.62167	23.078	4999.999	4976.99	999.938
1111	6	19	10	1	112.69167	265.76889	1133.351	3957.214	5436.027	918.167
1111	6	19	10	1	292.69333	94.23528	1133.349	3957.235	5436.058	918.084
2222	6	19	10	1	310.20611	93.06	1508.654	3849.428	5972.517	921.317
2222	6	19	10	2	130.20361	266.94472	1508.653	3849.383	5972.471	921.444
3333	6	19	10	2	121.3925	266.12944	1148.389	4021.937	5596.834	924.272
3333	6	19	10	2	301.39556	93.87667	1148.387	4021.978	5596.882	924.149
RRRR	6	19	10	15	180.00417	94.385	23.078	4999.998	4976.989	999.936
RRRR	6	19	10	15	0.00306	265.62278	23.078	4999.999	4976.989	999.939
1111	6	19	10	16	112.68333	265.7725	1133.293	3957.199	5435.857	918.243
1111	6	19	10	16	292.68583	94.23333	1133.296	3957.223	5435.901	918.131
2222	6	19	10	16	310.2025	93.05972	1508.564	3849.434	5972.385	921.331
2222	6	19	10	17	130.2	266.94667	1508.562	3849.387	5972.34	921.503
3333	6	19	10	17	121.38639	266.13222	1148.316	4021.933	5596.696	924.334
3333	6	19	10	17	301.38972	93.875	1148.314	4021.977	5596.744	924.185
RRRR	6	19	10	30	180.00472	94.38361	23.078	4999.998	4976.99	999.936
RRRR	6	19	10	30	0.00528	265.62194	23.078	4999.998	4976.99	999.938
1111	6	19	10	31	112.67806	265.77389	1133.241	3957.204	5435.74	918.277
1111	6	19	10	31	292.67944	94.23306	1133.24	3957.225	5435.761	918.138
2222	6	19	10	31	310.19806	93.05806	1508.475	3849.425	5972.241	921.381
2222	6	19	10	32	130.19556	266.94833	1508.472	3849.378	5972.193	921.548
3333	6	19	10	32	121.38111	266.13333	1148.242	4021.942	5596.57	924.361
3333	6	19	10	32	301.38306	93.87222	1148.24	4021.97	5596.598	924.248
RRRR	6	19	10	45	180.00333	94.38528	23.078	4999.999	4976.99	999.935
RRRR	6	19	10	45	0.00333	265.6225	23.078	4999.999	4976.99	999.939
1111	6	19	10	46	112.67056	265.77472	1133.188	3957.195	5435.583	918.297
1111	6	19	10	46	292.67194	94.23139	1133.187	3957.217	5435.609	918.173
2222	6	19	10	46	310.19361	93.05861	1508.385	3849.419	5972.093	921.372
2222	6	19	10	47	130.19083	266.94778	1508.382	3849.368	5972.042	921.536
3333	6	19	10	47	121.37361	266.13333	1148.169	4021.925	5596.404	924.363
3333	6	19	10	47	301.37583	93.87333	1148.167	4021.958	5596.436	924.231
RRRR	6	19	11	0	180.00361	94.38444	23.078	4999.999	4976.99	999.936
RRRR	6	19	11	0	0.00361	265.62194	23.078	4999.999	4976.989	999.938
1111	6	19	11	1	112.66278	265.77583	1133.134	3957.185	5435.425	918.32
1111	6	19	11	1	292.66444	94.22889	1133.133	3957.205	5435.452	918.228
2222	6	19	11	1	310.18972	93.05694	1508.295	3849.422	5971.961	921.422
2222	6	19	11	2	130.18639	266.94806	1508.293	3849.363	5971.898	921.552
3333	6	19	11	2	121.3675	266.13389	1148.098	4021.923	5596.263	924.379
3333	6	19	11	2	301.36944	93.87056	1148.095	4021.949	5596.29	924.289
RRRR	6	19	11	15	180.00528	94.38417	23.078	4999.998	4976.99	999.936
RRRR	6	19	11	15	0.00361	265.62139	23.078	4999.999	4976.99	999.938
1111	6	19	11	16	112.65667	265.77778	1133.084	3957.181	5435.293	918.365
1111	6	19	11	16	292.65778	94.22639	1133.082	3957.197	5435.311	918.283
2222	6	19	11	16	310.18444	93.05694	1508.205	3849.402	5971.798	921.427
2222	6	19	11	17	130.18278	266.95	1508.204	3849.367	5971.769	921.61
3333	6	19	11	17	121.36056	266.13667	1148.027	4021.907	5596.11	924.438
3333	6	19	11	17	301.36333	93.86972	1148.025	4021.944	5596.151	924.31
RRRR	6	19	11	30	180.00444	94.38417	23.078	4999.998	4976.99	999.936
RRRR	6	19	11	30	0.00278	265.62278	23.078	4999.999	4976.99	999.939
1111	6	19	11	31	112.64889	265.77889	1133.037	3957.165	5435.138	918.391
1111	6	19	11	31	292.65111	94.22556	1133.034	3957.191	5435.175	918.302
2222	6	19	11	31	310.18083	93.05528	1508.118	3849.403	5971.667	921.47
2222	6	19	11	32	130.17833	266.95083	1508.116	3849.356	5971.622	921.636
3333	6	19	11	32	121.35472	266.13667	1147.959	4021.903	5595.973	924.444
3333	6	19	11	32	301.35583	93.86861	1147.958	4021.921	5595.987	924.34
RRRR	6	19	11	45	180.00472	94.38444	23.078	4999.998	4976.99	999.936
RRRR	6	19	11	45	0.00444	265.6225	23.078	4999.998	4976.99	999.939
1111	6	19	11	46	112.64139	265.78	1132.99	3957.148	5434.979	918.416
1111	6	19	11	46	292.64333	94.22583	1132.987	3957.175	5435.014	918.299
2222	6	19	11	46	310.17694	93.05472	1508.031	3849.404	5971.536	921.491
2222	6	19	11	47	130.17444	266.95083	1508.026	3849.36	5971.488	921.64
3333	6	19	11	47	121.34778	266.13806	1147.891	4021.886	5595.819	924.474
3333	6	19	11	47	301.34944	93.86806	1147.89	4021.914	5595.845	924.355
RRRR	6	19	12	0	180.00444	94.38444	23.078	4999.998	4976.99	999.936
RRRR	6	19	12	0	0.00472	265.6225	23.078	4999.998	4976.989	999.939
1111	6	19	12	1	112.63444	265.78111	1132.945	3957.136	5434.837	918.443
1111	6	19	12	1	292.63583	94.225	1132.944	3957.156	5434.861	918.319
2222	6	19	12	1	310.17194	93.05194	1507.942	3849.385	5971.382	921.57
2222	6	19	12	2	130.16972	266.95278	1507.94	3849.346	5971.342	921.694
3333	6	19	12	2	121.34139	266.13861	1147.826	4021.875	5595.678	924.494
3333	6	19	12	2	301.3425	93.86778	1147.825	4021.897	5595.693	924.361
RRRR	6	19	12	15	180.005	94.38528	23.078	4999.998	4976.99	999.935
RRRR	6	19	12	15	0.00444	265.62194	23.078	4999.998	4976.99	999.938
1111	6	19	12	16	112.62583	265.78111	1132.901	3957.112	5434.666	918.443
1111	6	19	12	16	292.62806	94.225	1132.899	3957.138	5434.701	918.324
2222	6	19	12	16	310.16722	93.05444	1507.855	3849.372	5971.225	921.51
2222	6	19	12	17	130.16472	266.95139	1507.852	3849.329	5971.183	921.664
3333	6	19	12	17	121.33444	266.13917	1147.761	4021.858	5595.527	924.505
3333	6	19	12	17	301.33583	93.86833	1147.76	4021.884	5595.546	924.36
RRRR	6	19	12	30	180.00528	94.38389	23.078	4999.998	4976.99	999.936
RRRR	6	19	12	30	0.00389	265.62194	23.078	4999.998	4976.99	999.938
1111	6	19	12	31	112.61917	265.77972	1132.862	3957.099	5434.528	918.419
1111	6	19	12	31	292.62028	94.22611	1132.858	3957.118	5434.541	918.302
2222	6	19	12	31	310.1625	93.05583	1507.767	3849.362	5971.075	921.477
2222	6	19	12	32	130.16056	266.95111	1507.765	3849.321	5971.038	921.662
3333	6	19	12	32	121.32667	266.13778	1147.698	4021.831	5595.358	924.486
3333	6	19	12	32	301.32861	93.86778	1147.696	4021.861	5595.388	924.374
RRRR	6	19	12	45	180.00472	94.38389	23.078	4999.998	4976.99	999.936
RRRR	6	19	12	45	0.00417	265.62194	23.078	4999.998	4976.99	999.938
1111	6	19	12	46	112.61028	265.77944	1132.82	3957.07	5434.349	918.417
1111	6	19	12	46	292.61222	94.22667	1132.821	3957.091	5434.38	918.297
2222	6	19	12	46	310.15806	93.05556	1507.682	3849.353	5970.933	921.485
2222	6	19	12	47	130.15556	266.95028	1507.678	3849.306	5970.884	921.642
3333	6	19	12	47	121.31917	266.13722	1147.636	4021.808	5595.198	924.476
3333	6	19	12	47	301.32167	93.86917	1147.634	4021.843	5595.234	924.349
RRRR	6	19	13	0	180.005	94.38361	23.078	4999.998	4976.99	999.936
RRRR	6	19	13	0	0.00361	265.62167	23.078	4999.999	4976.989	999.938
1111	6	19	13	1	112.60306	265.77917	1132.784	3957.048	5434.202	918.411
1111	6	19	13	1	292.60417	94.22583	1132.782	3957.066	5434.22	918.312
2222	6	19	13	1	310.15333	93.05361	1507.594	3849.339	5970.785	921.548
2222	6	19	13	2	130.15111	266.95111	1507.591	3849.296	5970.739	921.67
3333	6	19	13	2	121.31222	266.13722	1147.575	4021.788	5595.049	924.48
3333	6	19	13	2	301.31417	93.86972	1147.573	4021.817	5595.075	924.344
RRRR	6	19	13	15	180.005	94.385	23.078	4999.998	4976.99	999.936
RRRR	6	19	13	15	0.00361	265.62167	23.078	4999.999	4976.99	999.938
1111	6	19	13	16	112.59528	265.77694	1132.748	3957.027	5434.049	918.372
1111	6	19	13	16	292.59722	94.2275	1132.746	3957.048	5434.078	918.282
2222	6	19	13	16	310.14833	93.05583	1507.508	3849.32	5970.623	921.488
2222	6	19	13	17	130.14667	266.95056	1507.506	3849.286	5970.594	921.656
3333	6	19	13	17	121.30472	266.13556	1147.515	4021.762	5594.886	924.451
3333	6	19	13	17	301.30722	93.87083	1147.514	4021.798	5594.925	924.321
RRRR	6	19	13	30	180.00472	94.385	23.078	4999.998	4976.99	999.936
RRRR	6	19	13	30	0.00389	265.62278	23.078	4999.998	4976.99	999.939
1111	6	19	13	31	112.58694	265.77611	1132.713	3956.997	5433.885	918.358
1111	6	19	13	31	292.58806	94.23139	1132.713	3957.015	5433.899	918.21
2222	6	19	13	31	310.14417	93.05778	1507.422	3849.317	5970.484	921.444
2222	6	19	13	32	130.14194	266.95083	1507.419	3849.272	5970.444	921.669
3333	6	19	13	32	121.29722	266.13472	1147.458	4021.735	5594.73	924.439
3333	6	19	13	32	301.29944	93.87222	1147.457	4021.766	5594.761	924.3
RRRR	6	19	13	45	180.00389	94.38417	23.078	4999.998	4976.99	999.936
RRRR	6	19	13	45	0.00278	265.62278	23.078	4999.999	4976.99	999.939
1111	6	19	13	46	112.57722	265.77306	1132.68	3956.957	5433.69	918.303
1111	6	19	13	46	292.58	94.23278	1132.681	3956.986	5433.74	918.188
2222	6	19	13	46	310.13917	93.05917	1507.335	3849.3	5970.325	921.411
2222	6	19	13	47	130.13667	266.94778	1507.332	3849.254	5970.281	921.596
3333	6	19	13	47	121.28944	266.1325	1147.4	4021.706	5594.565	924.398
3333	6	19	13	47	301.29167	93.87472	1147.398	4021.74	5594.598	924.251
RRRR	6	19	14	0	180.00417	94.38389	23.078	4999.998	4976.99	999.936
RRRR	6	19	14	0	0.0025	265.62222	23.078	4999.999	4976.989	999.938
1111	6	19	14	1	112.56972	265.77139	1132.652	3956.928	5433.542	918.27
1111	6	19	14	1	292.57028	94.23556	1132.651	3956.943	5433.548	918.134
2222	6	19	14	1	310.13472	93.05861	1507.249	3849.291	5970.182	921.43
2222	6	19	14	2	130.13167	266.94694	1507.247	3849.233	5970.122	921.577
3333	6	19	14	2	121.28139	266.13111	1147.345	4021.671	5594.397	924.372
3333	6	19	14	2	301.28333	93.87583	1147.343	4021.7	5594.424	924.235
RRRR	6	19	14	15	180.00444	94.38333	23.078	4999.998	4976.99	999.936
RRRR	6	19	14	15	0.00278	265.62194	23.078	4999.999	4976.989	999.938
1111	6	19	14	16	112.56028	265.76722	1132.622	3956.89	5433.357	918.192
1111	6	19	14	16	292.5625	94.23833	1132.622	3956.915	5433.396	918.08
2222	6	19	14	16	310.12833	93.06083	1507.161	3849.253	5969.997	921.375
2222	6	19	14	17	130.12694	266.94472	1507.16	3849.223	5969.97	921.527
3333	6	19	14	17	121.27389	266.12694	1147.289	4021.647	5594.241	924.298
3333	6	19	14	17	301.27583	93.87861	1147.288	4021.672	5594.265	924.183
RRRR	6	19	14	30	180.005	94.38306	23.078	4999.998	4976.99	999.936
RRRR	6	19	14	30	0.00222	265.6225	23.078	4999.999	4976.99	999.939
1111	6	19	14	31	112.55056	265.76444	1132.593	3956.848	5433.166	918.138
1111	6	19	14	31	292.55306	94.24167	1132.593	3956.874	5433.209	918.014
2222	6	19	14	31	310.12417	93.06278	1507.076	3849.246	5969.851	921.333
2222	6	19	14	32	130.12139	266.94333	1507.074	3849.197	5969.804	921.49
3333	6	19	14	32	121.26472	266.12472	1147.236	4021.597	5594.052	924.255
3333	6	19	14	32	301.26667	93.87944	1147.234	4021.625	5594.081	924.168
RRRR	6	19	14	45	180.00306	94.38472	23.078	4999.999	4976.99	999.936
RRRR	6	19	14	45	0.00306	265.62194	23.078	4999.999	4976.989	999.938
1111	6	19	14	46	112.54389	265.76	1132.569	3956.827	5433.037	918.054
1111	6	19	14	46	292.54417	94.24361	1132.566	3956.835	5433.035	917.981
2222	6	19	14	46	310.11917	93.06167	1506.989	3849.227	5969.696	921.361
2222	6	19	14	47	130.11611	266.9425	1506.987	3849.176	5969.643	921.475
3333	6	19	14	47	121.25667	266.12278	1147.182	4021.563	5593.885	924.217
3333	6	19	14	47	301.25806	93.88278	1147.181	4021.586	5593.907	924.105
RRRR	6	19	15	0	180.00306	94.385	23.078	4999.999	4976.99	999.936
RRRR	6	19	15	0	0.00306	265.62278	23.078	4999.999	4976.99	999.939
1111	6	19	15	1	112.53417	265.75639	1132.543	3956.78	5432.843	917.982
1111	6	19	15	1	292.53583	94.24861	1132.541	3956.801	5432.87	917.884
2222	6	19	15	1	310.11222	93.06611	1506.903	3849.181	5969.501	921.254
2222	6	19	15	2	130.11083	266.93944	1506.901	3849.156	5969.478	921.397
3333	6	19	15	2	121.24861	266.11833	1147.132	4021.528	5593.72	924.134
3333	6	19	15	2	301.25139	93.88861	1147.13	4021.566	5593.761	923.995
RRRR	6	19	15	15	180.00472	94.38361	23.078	4999.998	4976.99	999.936
RRRR	6	19	15	15	0.00333	265.62167	23.078	4999.999	4976.99	999.938
1111	6	19	15	16	112.52389	265.75111	1132.519	3956.731	5432.643	917.882
1111	6	19	15	16	292.52556	94.25361	1132.518	3956.751	5432.671	917.787
2222	6	19	15	16	310.10778	93.06889	1506.816	3849.174	5969.35	921.187
2222	6	19	15	17	130.10611	266.93722	1506.814	3849.14	5969.32	921.343
3333	6	19	15	17	121.23972	266.11528	1147.079	4021.484	5593.538	924.075
3333	6	19	15	17	301.24194	93.89083	1147.078	4021.514	5593.569	923.956
RRRR	6	19	15	30	180.00417	94.38528	23.078	4999.998	4976.99	999.935
RRRR	6	19	15	30	0.00306	265.62333	23.078	4999.999	4976.99	999.939
1111	6	19	15	31	112.515	265.74833	1132.494	3956.691	5432.472	917.825
1111	6	19	15	31	292.51583	94.25861	1132.493	3956.708	5432.482	917.691
2222	6	19	15	31	310.10194	93.07167	1506.729	3849.144	5969.174	921.113
2222	6	19	15	32	130.10028	266.93583	1506.727	3849.114	5969.151	921.316
3333	6	19	15	32	121.23056	266.11278	1147.029	4021.436	5593.356	924.028
3333	6	19	15	32	301.23361	93.89444	1147.027	4021.476	5593.4	923.887
RRRR	6	19	15	45	180.00417	94.385	23.078	4999.998	4976.99	999.936
RRRR	6	19	15	45	0.00333	265.6225	23.078	4999.999	4976.99	999.939
1111	6	19	15	46	112.50417	265.74306	1132.472	3956.637	5432.263	917.728
1111	6	19	15	46	292.50583	94.26361	1132.471	3956.661	5432.292	917.595
2222	6	19	15	46	310.09694	93.0725	1506.643	3849.127	5969.019	921.102
2222	6	19	15	47	130.09472	266.93306	1506.639	3849.087	5968.976	921.243
3333	6	19	15	47	121.22222	266.10806	1146.983	4021.394	5593.184	923.937
3333	6	19	15	47	301.22444	93.89833	1146.981	4021.426	5593.218	923.812
RRRR	6	19	16	0	180.00472	94.38444	23.078	4999.998	4976.99	999.936
RRRR	6	19	16	0	0.00333	265.62278	23.078	4999.999	4976.99	999.939
1111	6	19	16	1	112.49556	265.73833	1132.449	3956.6	5432.097	917.633
1111	6	19	16	1	292.49611	94.26722	1132.449	3956.613	5432.105	917.525
2222	6	19	16	1	310.09194	93.07472	1506.555	3849.115	5968.863	921.042
2222	6	19	16	2	130.08944	266.93083	1506.553	3849.066	5968.812	921.191
3333	6	19	16	2	121.21361	266.10444	1146.94	4021.345	5593.011	923.868
3333	6	19	16	2	301.21528	93.90056	1146.938	4021.371	5593.038	923.768
RRRR	6	19	16	15	180.00444	94.38472	23.078	4999.998	4976.99	999.936
RRRR	6	19	16	15	0.00306	265.62361	23.078	4999.999	4976.989	999.939
1111	6	19	16	16	112.485	265.73444	1132.428	3956.545	5431.893	917.56
1111	6	19	16	16	292.48694	94.27167	1132.427	3956.568	5431.923	917.435
2222	6	19	16	16	310.08694	93.07806	1506.468	3849.098	5968.701	920.959
2222	6	19	16	17	130.08361	266.92972	1506.466	3849.035	5968.639	921.164
3333	6	19	16	17	121.20417	266.10139	1146.89	4021.294	5592.823	923.808
3333	6	19	16	17	301.20556	93.90444	1146.888	4021.317	5592.843	923.693
RRRR	6	19	16	30	180.00278	94.38444	23.078	4999.999	4976.99	999.936
RRRR	6	19	16	30	0.00444	265.62306	23.078	4999.998	4976.99	999.939
1111	6	19	16	31	112.47611	265.72861	1132.407	3956.505	5431.719	917.447
1111	6	19	16	31	292.47667	94.2775	1132.405	3956.52	5431.726	917.324
2222	6	19	16	31	310.08028	93.08056	1506.38	3849.054	5968.507	920.902
2222	6	19	16	32	130.07806	266.92556	1506.379	3849.015	5968.471	921.065
3333	6	19	16	32	121.19611	266.09667	1146.838	4021.261	5592.658	923.721
3333	6	19	16	32	301.19778	93.90917	1146.837	4021.285	5592.679	923.602
RRRR	6	19	16	45	180.00389	94.385	23.078	4999.998	4976.99	999.936
RRRR	6	19	16	45	0.00306	265.6225	23.078	4999.999	4976.99	999.939
1111	6	19	16	46	112.46528	265.72361	1132.386	3956.451	5431.514	917.348
1111	6	19	16	46	292.46861	94.28083	1132.384	3956.482	5431.568	917.258
2222	6	19	16	46	310.07444	93.08194	1506.294	3849.025	5968.336	920.871
2222	6	19	16	47	130.07194	266.92444	1506.293	3848.976	5968.289	921.036
3333	6	19	16	47	121.18667	266.09333	1146.789	4021.208	5592.466	923.656
3333	6	19	16	47	301.18861	93.91111	1146.788	4021.235	5592.496	923.568
RRRR	6	19	17	0	180.00389	94.38472	23.078	4999.998	4976.99	999.936
RRRR	6	19	17	0	0.00194	265.62306	23.078	4999.999	4976.989	999.939
1111	6	19	17	1	112.45611	265.71917	1132.364	3956.408	5431.335	917.263
1111	6	19	17	1	292.45889	94.285	1132.364	3956.434	5431.383	917.181
2222	6	19	17	1	310.07	93.08222	1506.208	3849.016	5968.191	920.869
2222	6	19	17	2	130.06778	266.92222	1506.207	3848.974	5968.148	920.987
3333	6	19	17	2	121.17861	266.09028	1146.738	4021.173	5592.302	923.598
3333	6	19	17	2	301.18028	93.91528	1146.737	4021.197	5592.324	923.489
RRRR	6	19	17	15	180.00444	94.385	23.078	4999.998	4976.99	999.936
RRRR	6	19	17	15	0.0025	265.62306	23.078	4999.999	4976.989	999.939
1111	6	19	17	16	112.44694	265.71444	1132.34	3956.366	5431.153	917.168
1111	6	19	17	16	292.44861	94.29222	1132.34	3956.388	5431.181	917.037
2222	6	19	17	16	310.065	93.08722	1506.121	3849.003	5968.03	920.739
2222	6	19	17	17	130.06333	266.91944	1506.118	3848.971	5968.002	920.918
3333	6	19	17	17	121.16944	266.08583	1146.686	4021.127	5592.115	923.515
3333	6	19	17	17	301.17167	93.92	1146.686	4021.157	5592.148	923.397
RRRR	6	19	17	30	180.00222	94.38417	23.078	4999.999	4976.99	999.936
RRRR	6	19	17	30	0.0025	265.62278	23.078	4999.999	4976.989	999.939
1111	6	19	17	31	112.43639	265.71167	1132.316	3956.314	5430.955	917.12
1111	6	19	17	31	292.43833	94.29417	1132.316	3956.336	5430.983	917
2222	6	19	17	31	310.05861	93.0875	1506.035	3848.961	5967.845	920.736
2222	6	19	17	32	130.05611	266.91833	1506.032	3848.915	5967.799	920.891
3333	6	19	17	32	121.15944	266.0825	1146.634	4021.072	5591.915	923.453
3333	6	19	17	32	301.16222	93.92194	1146.632	4021.106	5591.956	923.365
RRRR	6	19	17	45	180.00472	94.38361	23.078	4999.998	4976.99	999.936
RRRR	6	19	17	45	0.00167	265.62306	23.078	4999.999	4976.989	999.939
1111	6	19	17	46	112.42806	265.70722	1132.287	3956.282	5430.786	917.032
1111	6	19	17	46	292.42972	94.29833	1132.288	3956.303	5430.816	916.922
2222	6	19	17	46	310.05306	93.08944	1505.947	3848.935	5967.673	920.69
2222	6	19	17	47	130.05083	266.915	1505.945	3848.896	5967.634	920.809
3333	6	19	17	47	121.15278	266.08028	1146.579	4021.053	5591.772	923.411
3333	6	19	17	47	301.15417	93.92583	1146.577	4021.075	5591.787	923.287
RRRR	6	19	18	0	180.00444	94.38556	23.078	4999.998	4976.99	999.935
RRRR	6	19	18	0	0.00306	265.62333	23.078	4999.999	4976.99	999.939
1111	6	19	18	1	112.41861	265.70417	1132.261	3956.241	5430.605	916.975
1111	6	19	18	1	292.42194	94.30139	1132.258	3956.276	5430.661	916.863
2222	6	19	18	1	310.04861	93.09111	1505.86	3848.929	5967.528	920.648
2222	6	19	18	2	130.04667	266.915	1505.859	3848.893	5967.496	920.813
3333	6	19	18	2	121.14333	266.07806	1146.524	4021.006	5591.58	923.37
3333	6	19	18	2	301.14611	93.93056	1146.523	4021.043	5591.619	923.201
RRRR	6	19	18	15	180.00528	94.38361	23.078	4999.998	4976.99	999.936
RRRR	6	19	18	15	0.00361	265.625	23.078	4999.999	4976.989	999.94
1111	6	19	18	16	112.41139	265.70222	1132.229	3956.218	5430.458	916.94
1111	6	19	18	16	292.41333	94.30583	1132.227	3956.245	5430.488	916.779
2222	6	19	18	16	310.04611	93.0925	1505.774	3848.953	5967.42	920.621
2222	6	19	18	17	130.04278	266.91361	1505.771	3848.895	5967.359	920.78
3333	6	19	18	17	121.13694	266.07528	1146.467	4020.99	5591.438	923.32
3333	6	19	18	17	301.13917	93.93083	1146.466	4021.021	5591.47	923.193
