333	160.0006944	6	9	0	1	282.69056	92.51056	1265.804	1.62	3766.294	5277.814	946.284
333	160.0013889	6	9	0	2	102.69333	267.50056	1265.802	1.62	3766.299	5277.875	946.527
333	160.0111111	6	9	0	16	282.68556	92.51028	1265.786	1.62	3766.287	5277.701	946.29
333	160.0118056	6	9	0	17	102.68889	267.49917	1265.785	1.62	3766.296	5277.777	946.498
333	160.0215278	6	9	0	31	282.68056	92.51028	1265.77	1.62	3766.279	5277.594	946.288
333	160.0222222	6	9	0	32	102.68417	267.50028	1265.768	1.62	3766.288	5277.669	946.522
333	160.0319444	6	9	0	46	282.67583	92.50944	1265.75	1.62	3766.275	5277.488	946.309
333	160.0326389	6	9	0	47	102.67917	267.50056	1265.749	1.62	3766.281	5277.557	946.532
333	160.0423611	6	9	1	1	282.67167	92.50861	1265.734	1.62	3766.269	5277.393	946.33
333	160.0430556	6	9	1	2	102.67472	267.50111	1265.731	1.62	3766.278	5277.46	946.541
333	160.0527778	6	9	1	16	282.66806	92.51	1265.715	1.62	3766.271	5277.308	946.297
333	160.0534722	6	9	1	17	102.67028	267.5	1265.715	1.62	3766.273	5277.361	946.519
333	160.0631944	6	9	1	31	282.66306	92.51056	1265.7	1.62	3766.263	5277.201	946.285
333	160.0638889	6	9	1	32	102.665	267.5	1265.695	1.62	3766.266	5277.241	946.52
333	160.0736111	6	9	1	46	282.65889	92.50944	1265.681	1.62	3766.259	5277.103	946.309
333	160.0743056	6	9	1	47	102.65944	267.50194	1265.678	1.62	3766.254	5277.119	946.564
333	160.0840278	6	9	2	1	282.65417	92.50944	1265.662	1.62	3766.256	5277.001	946.31
333	160.0847222	6	9	2	2	102.65611	267.50083	1265.661	1.62	3766.255	5277.042	946.539
333	160.0944444	6	9	2	16	282.64944	92.5075	1265.647	1.62	3766.245	5276.893	946.354
333	160.0951389	6	9	2	17	102.65167	267.50139	1265.645	1.62	3766.248	5276.942	946.555
333	160.1048611	6	9	2	31	282.6425	92.5	1265.629	1.62	3766.222	5276.742	946.523
333	160.1055556	6	9	2	32	102.64528	267.49833	1265.629	1.62	3766.238	5276.802	946.485
333	160.1152778	6	9	2	46	282.63833	92.50667	1265.611	1.62	3766.226	5276.647	946.378
333	160.1159722	6	9	2	47	102.63972	267.50472	1265.61	1.62	3766.223	5276.681	946.629
333	160.1256944	6	9	3	1	282.63389	92.50639	1265.596	1.62	3766.218	5276.548	946.383
333	160.1263889	6	9	3	2	102.63528	267.50278	1265.594	1.62	3766.219	5276.582	946.584
333	160.1361111	6	9	3	16	282.62667	92.50889	1265.577	1.62	3766.205	5276.392	946.328
333	160.1368056	6	9	3	17	102.63028	267.50222	1265.576	1.62	3766.212	5276.467	946.576
333	160.1465278	6	9	3	31	282.62361	92.50694	1265.559	1.62	3766.206	5276.323	946.375
333	160.1472222	6	9	3	32	102.6275	267.50056	1265.559	1.62	3766.217	5276.402	946.54
333	160.1569444	6	9	3	46	282.62083	92.50917	1265.543	1.62	3766.21	5276.253	946.322
333	160.1576389	6	9	3	47	102.62306	267.5025	1265.541	1.62	3766.212	5276.304	946.583
333	160.1673611	6	9	4	1	282.61472	92.50917	1265.524	1.62	3766.198	5276.117	946.325
333	160.1680556	6	9	4	2	102.61861	267.50222	1265.521	1.62	3766.209	5276.203	946.576
333	160.1777778	6	9	4	16	282.61083	92.50611	1265.507	1.62	3766.194	5276.035	946.392
333	160.1784722	6	9	4	17	102.61111	267.50361	1265.505	1.62	3766.189	5276.044	946.607
333	160.1881944	6	9	4	31	282.60778	92.50722	1265.489	1.62	3766.198	5275.964	946.367
333	160.1888889	6	9	4	32	102.60722	267.50194	1265.487	1.62	3766.189	5275.954	946.571
333	160.1993056	6	9	4	47	102.60444	267.50333	1265.465	1.62	3766.196	5275.889	946.602
333	160.2090278	6	9	5	1	282.59611	92.50667	1265.45	1.62	3766.179	5275.704	946.385
333	160.2097222	6	9	5	2	102.59556	267.50528	1265.448	1.62	3766.168	5275.697	946.65
333	160.2194444	6	9	5	16	282.58806	92.50194	1265.433	1.62	3766.153	5275.53	946.488
333	160.2201389	6	9	5	17	102.59222	267.50028	1265.431	1.62	3766.173	5275.619	946.536
333	160.2298611	6	9	5	31	282.58528	92.5075	1265.413	1.62	3766.163	5275.46	946.366
333	160.2305556	6	9	5	32	102.58667	267.50583	1265.412	1.62	3766.159	5275.496	946.664
333	160.2402778	6	9	5	46	282.58111	92.50833	1265.396	1.62	3766.162	5275.37	946.347
333	160.2409722	6	9	5	47	102.58306	267.5	1265.395	1.62	3766.163	5275.41	946.532
333	160.2506944	6	9	6	1	282.57778	92.50917	1265.374	1.62	3766.168	5275.295	946.328
333	160.2513889	6	9	6	2	102.57917	267.50083	1265.374	1.62	3766.165	5275.325	946.552
333	160.2611111	6	9	6	16	282.57139	92.50806	1265.358	1.62	3766.152	5275.153	946.355
333	160.2618056	6	9	6	17	102.57333	267.50167	1265.356	1.62	3766.154	5275.197	946.573
333	160.2715278	6	9	6	31	282.56667	92.50667	1265.339	1.62	3766.146	5275.043	946.385
333	160.2722222	6	9	6	32	102.56889	267.50167	1265.335	1.62	3766.153	5275.096	946.571
333	160.2819444	6	9	6	46	282.56111	92.50833	1265.317	1.62	3766.142	5274.921	946.351
333	160.2826389	6	9	6	47	102.56389	267.50194	1265.315	1.62	3766.148	5274.981	946.578
333	160.2923611	6	9	7	1	282.55639	92.50972	1265.295	1.62	3766.143	5274.817	946.322
333	160.2930556	6	9	7	2	102.55833	267.50167	1265.294	1.62	3766.143	5274.86	946.575
333	160.3027778	6	9	7	16	282.55167	92.50944	1265.276	1.62	3766.138	5274.709	946.332
333	160.3034722	6	9	7	17	102.55333	267.50306	1265.274	1.62	3766.136	5274.747	946.605
333	160.3131944	6	9	7	31	282.54611	92.50833	1265.257	1.62	3766.129	5274.582	946.357
333	160.3138889	6	9	7	32	102.54917	267.50167	1265.254	1.62	3766.136	5274.651	946.579
333	160.3236111	6	9	7	46	282.54111	92.50833	1265.238	1.62	3766.123	5274.471	946.353
333	160.3243056	6	9	7	47	102.5425	267.5	1265.237	1.62	3766.123	5274.507	946.541
333	160.3340278	6	9	8	1	282.53389	92.50611	1265.216	1.62	3766.108	5274.315	946.408
333	160.3347222	6	9	8	2	102.53583	267.50111	1265.216	1.62	3766.111	5274.359	946.567
333	160.3444444	6	9	8	16	282.52722	92.50528	1265.198	1.62	3766.094	5274.168	946.425
333	160.3451389	6	9	8	17	102.52889	267.50278	1265.193	1.62	3766.099	5274.204	946.601
333	160.3548611	6	9	8	31	282.52417	92.50639	1265.175	1.62	3766.102	5274.093	946.403
333	160.3555556	6	9	8	32	102.525	267.50056	1265.176	1.62	3766.099	5274.114	946.555
333	160.3652778	6	9	8	46	282.51778	92.50778	1265.155	1.62	3766.092	5273.954	946.374
333	160.3659722	6	9	8	47	102.52056	267.50167	1265.154	1.62	3766.097	5274.011	946.582
333	160.3756944	6	9	9	1	282.51306	92.50833	1265.134	1.62	3766.091	5273.847	946.361
333	160.3763889	6	9	9	2	102.51556	267.5	1265.134	1.62	3766.094	5273.9	946.543
333	160.3861111	6	9	9	16	282.50833	92.50667	1265.112	1.62	3766.088	5273.739	946.396
333	160.3868056	6	9	9	17	102.50917	267.5025	1265.111	1.62	3766.084	5273.762	946.601
333	160.3965278	6	9	9	31	282.50111	92.51028	1265.093	1.62	3766.075	5273.579	946.321
333	160.3972222	6	9	9	32	102.50417	267.50139	1265.091	1.62	3766.08	5273.646	946.579
333	160.4069444	6	9	9	46	282.49667	92.51167	1265.071	1.62	3766.076	5273.476	946.288
333	160.4520833	6	9	10	51	102.47861	267.50083	1264.982	1.62	3766.065	5273.072	946.573
333	160.4534722	6	9	10	53	282.47472	92.50944	1264.978	1.62	3766.061	5272.987	946.344
333	160.4541667	6	9	10	54	102.47667	267.50333	1264.975	1.62	3766.06	5273.028	946.625
333	160.4590278	6	9	11	1	282.47139	92.50639	1264.969	1.62	3766.051	5272.916	946.409
333	160.4597222	6	9	11	2	102.475	267.50028	1264.968	1.62	3766.062	5272.99	946.557
333	160.4694444	6	9	11	16	282.46722	92.50556	1264.949	1.62	3766.051	5272.823	946.431
333	160.4701389	6	9	11	17	102.46861	267.50056	1264.948	1.62	3766.051	5272.848	946.563
333	160.4798611	6	9	11	31	282.46111	92.50639	1264.93	1.62	3766.039	5272.683	946.414
333	160.4805556	6	9	11	32	102.46361	267.50028	1264.928	1.62	3766.048	5272.741	946.558
333	160.4902778	6	9	11	46	282.45361	92.51111	1264.909	1.62	3766.029	5272.516	946.31
333	160.4909722	6	9	11	47	102.45833	267.50139	1264.906	1.62	3766.042	5272.618	946.586
333	160.5006944	6	9	12	1	282.45278	92.50972	1264.888	1.62	3766.044	5272.494	946.342
333	160.5013889	6	9	12	2	102.45417	267.5025	1264.886	1.62	3766.041	5272.528	946.613
333	160.5111111	6	9	12	16	282.44778	92.50944	1264.87	1.62	3766.037	5272.38	946.35
333	160.5118056	6	9	12	17	102.44917	267.50278	1264.87	1.62	3766.034	5272.418	946.616
333	160.5215278	6	9	12	31	282.44333	92.50917	1264.851	1.62	3766.035	5272.281	946.354
333	160.5222222	6	9	12	32	102.44528	267.50278	1264.848	1.62	3766.036	5272.328	946.617
333	160.5319444	6	9	12	46	282.43917	92.50806	1264.83	1.62	3766.035	5272.193	946.381
333	160.5326389	6	9	12	47	102.44139	267.50111	1264.828	1.62	3766.039	5272.24	946.583
333	160.5423611	6	9	13	1	282.43167	92.50833	1264.81	1.62	3766.019	5272.025	946.375
333	160.5430556	6	9	13	2	102.43306	267.49917	1264.808	1.62	3766.02	5272.055	946.543
333	160.5527778	6	9	13	16	282.42806	92.51056	1264.788	1.62	3766.026	5271.941	946.324
333	160.5534722	6	9	13	17	102.43	267.50056	1264.788	1.62	3766.024	5271.982	946.571
333	160.5631944	6	9	13	31	282.42139	92.50639	1264.77	1.62	3766.008	5271.795	946.418
333	160.5638889	6	9	13	32	102.42222	267.49972	1264.767	1.62	3766.008	5271.814	946.553
333	160.5736111	6	9	13	46	282.41694	92.51	1264.748	1.62	3766.011	5271.694	946.341
333	160.5743056	6	9	13	47	102.42	267.5025	1264.747	1.62	3766.015	5271.762	946.616
333	160.5840278	6	9	14	1	282.41389	92.51083	1264.729	1.62	3766.015	5271.621	946.324
333	160.5847222	6	9	14	2	102.41639	267.49972	1264.728	1.62	3766.018	5271.678	946.558
333	160.5944444	6	9	14	16	282.40778	92.50972	1264.707	1.62	3766.008	5271.49	946.35
333	160.5951389	6	9	14	17	102.41139	267.49861	1264.707	1.62	3766.018	5271.569	946.532
333	160.6048611	6	9	14	31	282.40167	92.50639	1264.691	1.62	3765.991	5271.353	946.42
333	160.6055556	6	9	14	32	102.40583	267.49833	1264.689	1.62	3766.009	5271.446	946.528
333	160.6152778	6	9	14	46	282.39806	92.50833	1264.67	1.62	3765.996	5271.271	946.379
333	160.6159722	6	9	14	47	102.4	267.50194	1264.671	1.62	3765.996	5271.317	946.608
333	160.6256944	6	9	15	1	282.3925	92.50889	1264.655	1.62	3765.985	5271.145	946.37
333	160.6263889	6	9	15	2	102.39472	267.50167	1264.652	1.62	3765.988	5271.193	946.6
333	160.6361111	6	9	15	16	282.38639	92.50806	1264.634	1.62	3765.976	5271.009	946.387
333	160.6368056	6	9	15	17	102.39056	267.50083	1264.634	1.62	3765.987	5271.102	946.584
333	160.6465278	6	9	15	31	282.3825	92.50778	1264.616	1.62	3765.974	5270.92	946.392
333	160.6472222	6	9	15	32	102.38528	267.50028	1264.615	1.62	3765.981	5270.984	946.577
333	160.6569444	6	9	15	46	282.37806	92.50639	1264.599	1.62	3765.969	5270.823	946.425
333	160.6576389	6	9	15	47	102.38111	267.50361	1264.597	1.62	3765.976	5270.892	946.647
333	160.6673611	6	9	16	1	282.375	92.50694	1264.578	1.62	3765.976	5270.754	946.416
333	160.6680556	6	9	16	2	102.37556	267.50139	1264.578	1.62	3765.971	5270.77	946.602
333	160.6777778	6	9	16	16	282.36917	92.50667	1264.559	1.62	3765.967	5270.624	946.425
333	160.6784722	6	9	16	17	102.37111	267.5	1264.558	1.62	3765.971	5270.67	946.572
333	160.7069444	6	9	16	58	282.35806	92.50806	1264.502	1.62	3765.972	5270.376	946.391
333	160.7083333	6	9	17	0	102.35889	267.50389	1264.503	1.62	3765.963	5270.395	946.657
333	160.7090278	6	9	17	1	282.35611	92.50722	1264.5	1.62	3765.962	5270.329	946.41
333	160.7104167	6	9	17	3	102.35806	267.50444	1264.5	1.62	3765.961	5270.376	946.67
