111	3988.24047	5338.709972	952.65	153.9451389
111	3988.211076	5338.531689	952.65	153.9590278
111	3988.198868	5338.489335	952.69	153.9614583
111	3988.19645	5338.446651	952.70	153.9666667
111	3988.188764	5338.400037	952.70	153.9701389
111	3988.1679	5338.276151	952.71	153.9802083
111	3988.150664	5338.153709	952.66	153.990625
111	3988.136912	5338.046402	952.70	154.0010417
111	3988.118952	5337.927254	952.70	154.0114583
111	3988.095856	5337.779302	952.69	154.021875
111	3988.091006	5337.702112	952.68	154.0322917
111	3988.063885	5337.552964	952.68	154.0427083
111	3988.045796	5337.42544	952.67	154.053125
111	3988.040806	5337.334375	952.66	154.0635417
111	3988.014816	5337.182218	952.65	154.0739583
111	3987.990645	5337.051243	952.69	154.0840278
111	3987.975189	5336.928359	952.67	154.0947917
111	3987.945353	5336.774755	952.71	154.1052083
111	3987.932564	5336.667377	952.72	154.115625
111	3987.916504	5336.536276	952.69	154.1260417
111	3987.902202	5336.421173	952.69	154.1364583
111	3987.879202	5336.276404	952.69	154.146875
111	3987.860734	5336.149063	952.70	154.1572917
111	3987.847678	5336.02258	952.64	154.1677083
111	3987.836556	5335.920073	952.65	154.178125
111	3987.815377	5335.782667	952.68	154.1885417
111	3987.803923	5335.672142	952.66	154.1989583
111	3987.783021	5335.529363	952.66	154.209375
111	3987.771429	5335.418797	952.63	154.2197917
111	3987.614534	5334.191054	952.61	154.3236111
111	3987.608203	5334.149644	952.60	154.3270833
111	3987.600726	5334.075988	952.60	154.334375
111	3987.585683	5333.961237	952.63	154.3447917
111	3987.568385	5333.836263	952.63	154.3552083
111	3987.52462	5333.47799	952.64	154.3878472
111	3987.502597	5333.343821	952.62	154.3961806
111	3987.497092	5333.2667	952.63	154.4065972
111	3987.466591	5333.094495	952.58	154.4170139
111	3987.45521	5332.994737	952.58	154.4274306
111	3987.431561	5332.855739	952.57	154.4378472
111	3987.402477	5332.617887	952.54	154.4590278
111	3987.402753	5332.555239	952.58	154.4690972
111	3987.384361	5332.422465	952.57	154.4809028
111	3987.359216	5332.283984	952.59	154.490625
111	3987.336089	5332.147489	952.58	154.5003472
111	3987.3357	5332.128531	952.60	154.5045139
111	3987.337164	5332.09536	952.60	154.5107639
111	3987.315623	5331.955614	952.53	154.5211806
111	3987.297062	5331.833981	952.54	154.5315972
111	3987.274529	5331.686352	952.57	154.54375
111	3987.264768	5331.597174	952.57	154.5524306
111	3987.260052	5331.51711	952.55	154.5628472
111	3986.902314	5329.080291	952.59	154.7572917
111	3986.911197	5329.085616	952.56	154.7607639
111	3986.904956	5328.987171	952.56	154.7711806
111	3986.884544	5328.85815	952.59	154.7815972
111	3986.872438	5328.742563	952.57	154.7920139
111	3986.857856	5328.619771	952.54	154.8024306
111	3986.830054	5328.463165	952.54	154.8128472
111	3986.829405	5328.384722	952.53	154.8232639
111	3986.804443	5328.235318	952.51	154.8340278
111	3986.782966	5328.038779	952.59	154.8545139
111	3986.753181	5327.877471	952.58	154.8649306
111	3986.740362	5327.762354	952.53	154.8753472
111	3986.715984	5327.612789	952.52	154.8857639
111	3986.695392	5327.486521	952.53	154.8961806
111	3986.697729	5327.42336	952.50	154.9065972
111	3986.677484	5327.30236	952.53	154.9170139
111	3986.654286	5327.149801	952.51	154.9274306
111	3986.636723	5327.03351	952.52	154.9378472
111	3986.624887	5326.926118	952.52	154.9482639
111	3986.61475	5326.812713	952.50	154.9586806
111	3986.588946	5326.68279	952.53	154.9690972
111	3986.582924	5326.589743	952.52	154.9795139
111	3986.567191	5326.48089	952.54	154.9899306
111	3986.563109	5326.395523	952.51	155.0003472
111	3986.537022	5326.235742	952.48	155.0107639
111	3986.522666	5326.123824	952.49	155.0211806
111	3986.505044	5325.996663	952.46	155.0315972
111	3986.491848	5325.895117	952.48	155.0420139
111	3986.468017	5325.751128	952.50	155.0524306
111	3986.461861	5325.666356	952.48	155.0628472
111	3986.432125	5325.50232	952.49	155.0732639
111	3986.42011	5325.397777	952.51	155.0836806
111	3986.406857	5325.282709	952.49	155.0940972
111	3986.389435	5325.158252	952.47	155.1045139
111	3986.385162	5325.072897	952.48	155.1149306
111	3986.360921	5324.923615	952.49	155.1253472
111	3986.334549	5324.772194	952.49	155.1357639
111	3986.32363	5324.669961	952.52	155.1461806
111	3986.305141	5324.527049	952.46	155.1565972
111	3986.296732	5324.426656	952.46	155.1670139
111	3986.277804	5324.294526	952.47	155.1774306
111	3986.257512	5324.149479	952.42	155.1878472
111	3986.249545	5324.04896	952.44	155.1982639
111	3986.225277	5323.894277	952.44	155.2086806
111	3986.212826	5323.784475	952.42	155.2190972
111	3986.195881	5323.646478	952.41	155.2295139
111	3986.17648	5323.514437	952.44	155.2399306
111	3986.164425	5323.407254	952.44	155.2503472
111	3986.156112	5323.30707	952.46	155.2607639
111	3986.14262	5323.184077	952.42	155.2711806
111	3986.113683	5323.01465	952.43	155.2815972
111	3986.103963	5322.912201	952.42	155.2920139
111	3986.082974	5322.767251	952.43	155.3024306
111	3986.070289	5322.646852	952.41	155.3128472
111	3986.054708	5322.519195	952.41	155.3232639
111	3986.057306	5322.453282	952.40	155.3336806
111	3986.024025	5322.277093	952.43	155.3444444
111	3986.006556	5322.139336	952.42	155.3545139
111	3985.993388	5322.02701	952.41	155.3649306
111	3985.974754	5321.89509	952.44	155.3753472
111	3985.969945	5321.807296	952.44	155.3857639
111	3985.967306	5321.71609	952.43	155.3961806
111	3985.943936	5321.569326	952.43	155.4065972
111	3985.933464	5321.456266	952.41	155.4170139
111	3985.916994	5321.337127	952.38	155.4274306
111	3985.901414	5321.220242	952.43	155.4378472
111	3985.890314	5321.107494	952.37	155.4482639
111	3985.866907	5320.963497	952.38	155.4586806
111	3985.857782	5320.874377	952.42	155.4690972
111	3985.840242	5320.739342	952.38	155.4795139
111	3985.82599	5320.622159	952.39	155.4899306
111	3985.817915	5320.53009	952.37	155.5003472
111	3985.792352	5320.370546	952.35	155.5107639
111	3985.780745	5320.271426	952.38	155.5211806
111	3985.770424	5320.166453	952.39	155.5315972
111	3985.74669	5320.028053	952.42	155.5420139
111	3985.719376	5319.787926	952.35	155.5628472
111	3985.698958	5319.656476	952.38	155.5732639
111	3985.692182	5319.56121	952.35	155.5840278
111	3985.66413	5319.407948	952.38	155.5944444
111	3985.655724	5319.313399	952.40	155.6048611
111	3985.647609	5319.205046	952.37	155.6152778
111	3985.632206	5319.082939	952.36	155.6256944
111	3985.614723	5318.94797	952.34	155.6357639
111	3985.597129	5318.818392	952.33	155.6465278
111	3985.584913	5318.703276	952.33	155.6565972
111	3985.559381	5318.551985	952.33	155.6673611
111	3985.536926	5318.407806	952.35	155.6774306
111	3985.513071	5318.263878	952.34	155.6878472
111	3985.502808	5318.145643	952.34	155.6986111
111	3985.495897	5318.047852	952.37	155.7090278
111	3985.462918	5317.866354	952.36	155.7194444
111	3985.461354	5317.785953	952.39	155.7295139
111	3985.436585	5317.631646	952.39	155.7402778
111	3985.411636	5317.482749	952.42	155.7506944
111	3985.400297	5317.359346	952.39	155.7611111
111	3985.388732	5317.238935	952.36	155.7711806
111	3985.374973	5317.105414	952.29	155.7819444
111	3985.364633	5317.003389	952.33	155.7920139
111	3985.346149	5316.86883	952.33	155.8024306
111	3985.327521	5316.7316	952.34	155.8131944
111	3985.307114	5316.58949	952.34	155.8232639
111	3985.301474	5316.488642	952.31	155.8340278
111	3985.277015	5316.326239	952.32	155.8444444
111	3985.261721	5316.209563	952.33	155.8548611
111	3985.247159	5316.087321	952.32	155.8652778
111	3985.234461	5315.980531	952.39	155.8756944
111	3985.220642	5315.847189	952.32	155.8861111
111	3985.213323	5315.749711	952.32	155.8965278
111	3985.164012	5315.449393	952.33	155.9173611
111	3985.147551	5315.324957	952.32	155.9277778
111	3985.122921	5315.168202	952.33	155.9381944
111	3985.121418	5315.079625	952.32	155.9486111
111	3985.107933	5314.973215	952.35	155.9590278
111	3985.102591	5314.872438	952.31	155.9694444
111	3985.071537	5314.714787	952.34	155.9798611
111	3985.0477	5314.560438	952.32	155.9902778
111	3985.034275	5314.437816	952.26	156.0006944
111	3985.011711	5314.307255	952.37	156.0111111
111	3985.005583	5314.212087	952.34	156.0215278
111	3985.006071	5314.128367	952.28	156.0319444
111	3984.986809	5313.999516	952.32	156.0423611
111	3984.956621	5313.828339	952.33	156.0527778
111	3984.947711	5313.728711	952.30	156.0631944
111	3984.940436	5313.63654	952.31	156.0736111
111	3984.920404	5313.497176	952.32	156.0840278
111	3984.903679	5313.364948	952.29	156.0944444
111	3984.890802	5313.239494	952.28	156.1048611
111	3984.875081	5313.131124	952.31	156.1152778
111	3984.855004	5312.986364	952.31	156.1256944
111	3984.84025	5312.858887	952.30	156.1361111
111	3984.823241	5312.732109	952.29	156.1465278
111	3984.804845	5312.589567	952.31	156.1569444
111	3984.789016	5312.465153	952.31	156.1673611
111	3984.753769	5312.290082	952.40	156.1777778
111	3984.747488	5312.18689	952.39	156.1881944
111	3984.738745	5312.065745	952.34	156.1986111
111	3984.728671	5311.955875	952.31	156.2090278
111	3984.715748	5311.822354	952.31	156.2194444
111	3984.706989	5311.711897	952.29	156.2298611
111	3984.68765	5311.561745	952.28	156.2402778
111	3984.659506	5311.400632	952.34	156.2506944
111	3984.64577	5311.270199	952.28	156.2611111
111	3984.643436	5311.179411	952.29	156.2715278
111	3984.624714	5311.034428	952.28	156.2819444
111	3984.611205	5310.909274	952.29	156.2923611
111	3984.59304	5310.731766	952.29	156.30625
111	3984.573851	5310.619217	952.28	156.3131944
111	3984.557576	5310.473512	952.25	156.3236111
111	3984.546848	5310.358386	952.28	156.3340278
111	3984.535662	5310.24602	952.30	156.3444444
111	3984.521586	5310.113034	952.26	156.3548611
111	3984.509718	5309.995559	952.25	156.3652778
111	3984.494477	5309.871078	952.26	156.3756944
111	3984.482852	5309.750827	952.27	156.3861111
111	3984.46296	5309.603463	952.26	156.3965278
111	3984.435525	5309.447653	952.30	156.4069444
111	3984.426993	5309.342748	952.27	156.4173611
111	3984.419938	5309.231878	952.24	156.4277778
111	3984.387985	5309.053349	952.28	156.4378472
111	3984.384889	5308.96288	952.23	156.4482639
111	3984.368738	5308.835912	952.24	156.4586806
111	3984.353849	5308.711373	952.24	156.4690972
111	3984.330745	5308.578492	952.33	156.4795139
111	3984.313978	5308.449209	952.29	156.4899306
111	3984.289566	5308.142011	952.27	156.5211806
111	3984.265218	5307.985333	952.24	156.5315972
111	3984.255777	5307.888698	952.25	156.5420139
111	3984.23946	5307.7566	952.24	156.5524306
111	3984.217063	5307.61822	952.28	156.5628472
111	3984.208792	5307.497148	952.19	156.5729167
111	3984.20658	5307.50314	952.26	156.5732639
111	3984.192038	5307.3891	952.27	156.5836806
111	3984.182919	5307.284455	952.26	156.5940972
111	3984.162359	5307.14283	952.24	156.6045139
111	3984.154	5307.035158	952.27	156.6149306
111	3984.141913	5306.931424	952.25	156.6253472
111	3984.125189	5306.799298	952.24	156.6357639
111	3984.110643	5306.669422	952.24	156.6461806
111	3984.094646	5306.545214	952.23	156.6565972
111	3984.004752	5305.744956	952.23	156.725
111	3983.998894	5305.692959	952.23	156.7295139
111	3983.97703	5305.543774	952.26	156.7399306
111	3983.976707	5305.439263	952.11	156.75
111	3983.972098	5305.437942	952.22	156.7503472
111	3983.953589	5305.303809	952.23	156.7607639
111	3983.932767	5305.162353	952.25	156.7711806
111	3983.926238	5305.05692	952.23	156.7815972
111	3983.915456	5304.93392	952.20	156.7920139
111	3983.894933	5304.792391	952.22	156.8024306
111	3983.883922	5304.685708	952.22	156.8128472
111	3983.862091	5304.549994	952.20	156.8232639
111	3983.828892	5304.186745	952.20	156.8545139
111	3983.66755	5303.003302	952.20	156.9496528
111	3983.66012	5302.871378	952.19	156.9635417
111	3983.656594	5302.824145	952.19	156.9690972
111	3983.629085	5302.668664	952.21	156.9795139
111	3983.613657	5302.536531	952.18	156.9899306
111	3983.610853	5302.451627	952.15	157.0003472
111	3983.586238	5302.311424	952.16	157.0107639
111	3983.574922	5302.210233	952.17	157.0211806
111	3983.567176	5302.107888	952.18	157.0315972
111	3983.551016	5301.978604	952.17	157.0420139
111	3983.535414	5301.862578	952.16	157.0524306
111	3983.50849	5301.704358	952.16	157.0628472
111	3983.501644	5301.604467	952.16	157.0732639
111	3983.484438	5301.483525	952.19	157.0836806
111	3983.465974	5301.355047	952.17	157.0940972
111	3983.462122	5301.270493	952.16	157.1045139
111	3983.44122	5301.134544	952.15	157.1149306
111	3983.419611	5300.980186	952.16	157.1253472
111	3983.412073	5300.883132	952.14	157.1357639
111	3983.397724	5300.766774	952.16	157.1461806
111	3983.381927	5300.637439	952.12	157.1565972
111	3983.362378	5300.495906	952.14	157.1670139
111	3983.351872	5300.391642	952.14	157.1774306
111	3983.338996	5300.275061	952.11	157.1878472
111	3983.324312	5300.148022	952.14	157.1982639
111	3983.303873	5299.993367	952.11	157.2086806
111	3983.29294	5299.87864	952.12	157.2190972
111	3983.281392	5299.75889	952.09	157.2295139
111	3983.263241	5299.622192	952.09	157.2399306
111	3983.247558	5299.492968	952.10	157.2503472
111	3983.229633	5299.361614	952.13	157.2607639
111	3983.211578	5299.214298	952.09	157.2711806
111	3983.201211	5299.096735	952.10	157.2815972
111	3983.197391	5299.001547	952.08	157.2920139
111	3983.17928	5298.851471	952.07	157.3024306
111	3983.169613	5298.733815	952.10	157.3128472
111	3983.14772	5298.576959	952.08	157.3232639
111	3983.140372	5298.46384	952.07	157.3336806
111	3983.110001	5298.285486	952.06	157.3440972
111	3983.09728	5298.158053	952.09	157.3545139
111	3983.089627	5298.047932	952.10	157.3649306
111	3983.077329	5297.928384	952.09	157.3753472
111	3983.042619	5297.579826	952.06	157.4017361
111	3983.031313	5297.510876	952.08	157.4065972
111	3983.028307	5297.412717	952.05	157.4170139
111	3983.004735	5297.248422	952.05	157.4274306
111	3982.995712	5297.141341	952.07	157.4378472
111	3982.977926	5297.01804	952.08	157.4482639
111	3982.969101	5296.905708	952.03	157.4586806
111	3982.945324	5296.751996	952.04	157.4690972
111	3982.9119	5296.459539	952.02	157.4940972
111	3982.902314	5296.382021	952.03	157.5003472
111	3982.88834	5296.26043	952.02	157.5107639
111	3982.895952	5296.212669	951.99	157.5211806
111	3982.879051	5296.083947	952.01	157.5315972
111	3982.858537	5295.948194	952.01	157.5420139
111	3982.848052	5295.841683	951.99	157.5524306
111	3982.834709	5295.719739	951.99	157.5628472
111	3982.800242	5295.416907	951.97	157.590625
111	3982.792472	5295.360256	951.96	157.5940972
111	3982.759692	5295.105187	951.98	157.6152778
111	3982.720784	5294.739613	951.98	157.6489583
111	3982.680635	5294.417067	951.96	157.6743056
111	3982.663928	5294.339063	951.96	157.6774306
111	3982.660254	5294.249208	951.94	157.6878472
111	3982.637406	5294.100927	951.95	157.6982639
111	3982.624674	5293.978972	951.97	157.7086806
111	3982.608395	5293.849966	951.93	157.7190972
111	3982.600721	5293.745413	951.95	157.7295139
111	3982.577407	5293.575839	951.90	157.7402778
111	3982.567916	5293.466339	951.90	157.7503472
111	3982.550178	5293.335275	951.93	157.7607639
111	3982.541015	5293.209534	951.89	157.7715278
111	3982.497582	5292.853474	951.88	157.7993056
111	3982.494897	5292.827518	951.95	157.8024306
111	3982.480954	5292.700771	951.90	157.8131944
111	3982.468376	5292.57085	951.88	157.8232639
111	3982.447327	5292.419336	951.90	157.8340278
111	3982.442935	5292.377916	951.89	157.8378472
111	3982.435045	5292.305299	951.88	157.8440972
111	3982.410477	5292.058784	951.86	157.8652778
111	3982.390969	5291.909447	951.84	157.8753472
111	3982.37449	5291.775393	951.85	157.8857639
111	3982.361989	5291.661539	951.85	157.8961806
111	3982.355687	5291.553889	951.85	157.9065972
111	3982.321771	5291.374109	951.87	157.9170139
111	3982.313515	5291.27241	951.84	157.9274306
111	3982.306134	5291.170368	951.84	157.9378472
111	3982.293088	5291.051312	951.83	157.9482639
111	3982.270701	5290.905726	951.84	157.9586806
111	3982.263275	5290.814374	951.83	157.9690972
111	3982.241651	5290.652345	951.83	157.9795139
111	3982.233826	5290.563901	951.84	157.9899306
111	3982.225473	5290.459666	951.83	158.0003472
111	3982.209992	5290.338547	951.82	158.0107639
111	3982.195648	5290.219989	951.82	158.0211806
111	3982.174653	5290.068566	951.80	158.0315972
111	3982.166038	5289.974987	951.81	158.0420139
111	3982.143165	5289.84005	951.87	158.0524306
111	3982.131385	5289.731439	951.83	158.0628472
111	3982.121571	5289.627553	951.84	158.0732639
111	3982.107566	5289.503548	951.83	158.0836806
111	3982.081599	5289.350882	951.86	158.0940972
111	3982.077208	5289.253532	951.81	158.1045139
111	3982.060299	5289.138239	951.81	158.1149306
111	3982.049066	5289.018745	951.81	158.1253472
111	3982.02946	5288.899041	951.86	158.1357639
111	3982.018268	5288.779449	951.80	158.1461806
111	3982.003009	5288.653337	951.81	158.1565972
111	3981.987857	5288.537565	951.82	158.1670139
111	3981.978578	5288.425603	951.82	158.1774306
111	3981.961901	5288.297028	951.83	158.1878472
111	3981.94432	5288.166026	951.86	158.1982639
111	3981.927144	5288.026951	951.85	158.2086806
111	3981.921947	5287.924408	951.81	158.2190972
111	3981.904474	5287.785524	951.81	158.2295139
111	3981.893475	5287.671295	951.81	158.2399306
111	3981.878068	5287.526465	951.78	158.2503472
111	3981.872412	5287.432035	951.78	158.2607639
111	3981.861337	5287.304604	951.77	158.2711806
111	3981.838218	5287.15391	951.81	158.2815972
111	3981.81914	5287.01014	951.76	158.2920139
111	3981.814177	5286.902297	951.76	158.3024306
111	3981.783267	5286.716604	951.76	158.3128472
111	3981.788473	5286.643117	951.73	158.3232639
111	3981.781837	5286.533076	951.70	158.3336806
111	3981.761434	5286.384433	951.71	158.3440972
111	3981.752055	5286.272584	951.73	158.3545139
111	3981.739307	5286.142894	951.71	158.3649306
111	3981.720453	5285.996422	951.70	158.3753472
111	3981.716434	5285.898997	951.70	158.3857639
111	3981.700262	5285.762424	951.69	158.3961806
111	3981.651184	5285.339575	951.69	158.4302083
111	3981.64955	5285.270738	951.70	158.4378472
111	3981.631812	5285.139902	951.68	158.4482639
111	3981.600867	5284.885121	951.71	158.4690972
111	3981.591053	5284.76799	951.71	158.4795139
111	3981.587518	5284.681208	951.70	158.4899306
111	3981.575003	5284.549031	951.64	158.5003472
111	3981.566077	5284.445079	951.66	158.5107639
111	3981.555711	5284.338755	951.67	158.5211806
111	3981.536834	5284.176469	951.65	158.5350694
111	3981.522774	5284.089865	951.64	158.5399306
111	3981.523426	5284.076368	951.65	158.5420139
111	3981.505107	5283.940472	951.65	158.5524306
111	3981.495638	5283.834011	951.64	158.5628472
111	3981.483644	5283.720307	951.63	158.5732639
111	3981.473358	5283.613986	951.64	158.5836806
111	3981.456357	5283.499195	951.68	158.5940972
111	3981.437785	5283.357933	951.68	158.6045139
111	3981.422579	5283.162595	951.66	158.6253472
111	3981.407816	5283.063091	951.71	158.6336806
111	3981.408728	5283.041389	951.67	158.6357639
111	3981.394127	5282.915226	951.66	158.6461806
111	3981.377068	5282.786973	951.67	158.6565972
111	3981.358968	5282.645706	951.66	158.6670139
111	3981.349061	5282.536732	951.65	158.6774306
111	3981.342018	5282.440369	951.64	158.6878472
111	3981.331191	5282.321033	951.62	158.6982639
111	3981.303771	5282.161022	951.67	158.7086806
111	3981.302824	5282.081649	951.61	158.7190972
111	3981.282975	5281.930368	951.62	158.7295139
111	3981.275301	5281.818026	951.60	158.7399306
111	3981.255745	5281.685146	951.66	158.7503472
111	3981.256978	5281.60509	951.61	158.7607639
111	3981.246647	5281.549572	951.58	158.7625
111	3981.234334	5281.380158	951.61	158.7815972
111	3981.219127	5281.23557	951.59	158.7920139
111	3981.204983	5281.101219	951.60	158.8024306
111	3981.193209	5280.987555	951.61	158.8128472
111	3981.181998	5280.865703	951.60	158.8232639
111	3981.176996	5280.760705	951.59	158.8336806
111	3981.151151	5280.589901	951.57	158.8440972
111	3981.146517	5280.48749	951.56	158.8545139
111	3981.138469	5280.394152	951.59	158.8649306
111	3981.119941	5280.24775	951.59	158.8753472
111	3980.646928	5275.551568	951.43	159.2961806
111	3980.627532	5275.448183	951.44	159.3010417
111	3980.600607	5275.16377	951.42	159.3246528
111	3980.597811	5275.074335	951.41	159.3336806
111	3980.586942	5274.950148	951.42	159.3440972
111	3980.558133	5274.769634	951.48	159.3548611
111	3980.558397	5274.676716	951.45	159.3649306
111	3980.546599	5274.552796	951.44	159.3753472
111	3980.539521	5274.443353	951.46	159.3857639
111	3980.528167	5274.300528	951.40	159.3961806
111	3980.521152	5274.191174	951.43	159.4065972
111	3980.511788	5274.066525	951.42	159.4170139
111	3980.496646	5273.938092	951.40	159.4274306
111	3980.480415	5273.796697	951.42	159.4378472
111	3980.470564	5273.680112	951.42	159.4482639
111	3980.454012	5273.53891	951.43	159.4590278
111	3980.456767	5273.466545	951.38	159.4694444
111	3980.434452	5273.305631	951.40	159.4795139
111	3980.434539	5273.220827	951.34	159.4899306
111	3980.422694	5273.10747	951.38	159.5003472
111	3979.237487	5259.385549	950.91	160.7190972
111	3979.235246	5259.365066	950.91	160.7208333
111	3979.214913	5259.122642	950.92	160.740625
111	3979.194892	5258.872193	950.91	160.7614583
111	3979.188062	5258.744796	950.86	160.771875
111	3979.181202	5258.630779	950.88	160.7822917
111	3979.17669	5258.515888	950.86	160.7927083
111	3979.169916	5258.412381	950.84	160.803125
111	3979.163938	5258.290098	950.82	160.8135417
111	3979.153111	5258.161274	950.82	160.8239583
111	3979.142605	5258.024413	950.83	160.834375
111	3979.122134	5257.771613	950.83	160.8552083
111	3979.113557	5257.660532	950.85	160.865625
111	3979.105477	5257.522987	950.82	160.8760417
111	3979.103641	5257.431441	950.83	160.8868056
111	3979.088613	5257.266666	950.80	160.896875
111	3979.081466	5257.163203	950.79	160.9072917
111	3979.077485	5257.053831	950.80	160.9177083
111	3979.067584	5256.916774	950.81	160.928125
111	3979.057177	5256.777293	950.76	160.9385417
111	3979.044115	5256.633182	950.76	160.9489583
111	3979.054385	5256.570073	950.76	160.959375
111	3979.035839	5256.430097	950.78	160.9697917
111	3979.020569	5256.289208	950.82	160.9802083
111	3979.018968	5256.171224	950.73	160.990625
111	3979.010871	5256.05478	950.74	161.0010417
111	3979.00049	5255.928591	950.77	161.0114583
111	3978.983633	5255.782818	950.74	161.021875
111	3978.972503	5255.564698	950.72	161.0427083
111	3978.960569	5255.436172	950.76	161.053125
111	3978.946947	5255.308073	950.77	161.0635417
111	3978.94184	5255.20947	950.75	161.0739583
111	3978.941029	5255.099195	950.71	161.084375
111	3978.925091	5254.963736	950.72	161.0947917
111	3978.924204	5254.877249	950.70	161.1052083
111	3978.909453	5254.728441	950.69	161.115625
111	3978.895811	5254.60558	950.72	161.1260417
111	3978.890072	5254.501953	950.75	161.1364583
111	3978.891838	5254.412076	950.71	161.146875
111	3978.882703	5254.282995	950.68	161.1572917
111	3978.872022	5254.164618	950.69	161.1677083
111	3978.869718	5254.075861	950.64	161.178125
111	3978.854326	5253.948256	950.66	161.1885417
111	3978.846842	5253.821338	950.68	161.1989583
111	3978.832425	5253.693499	950.65	161.209375
111	3978.832512	5253.585621	950.65	161.2197917
111	3978.821549	5253.457028	950.64	161.2305556
111	3978.816331	5253.34007	950.64	161.240625
111	3978.807374	5253.229342	950.62	161.2510417
111	3978.780749	5253.067755	950.71	161.2614583
111	3978.785726	5252.958786	950.61	161.271875
111	3978.77616	5252.74305	950.59	161.2927083
111	3978.77131	5252.636623	950.61	161.303125
111	3978.757995	5252.492859	950.58	161.3135417
111	3978.74738	5252.253684	950.60	161.334375
111	3978.735057	5252.099197	950.54	161.3447917
111	3978.739023	5252.014163	950.55	161.3552083
111	3978.728954	5251.877475	950.54	161.365625
111	3978.713566	5251.734163	950.56	161.3760417
111	3978.700443	5251.574511	950.53	161.3864583
111	3978.678422	5251.312133	950.57	161.4072917
111	3978.683288	5251.216509	950.52	161.4177083
111	3978.671855	5251.069607	950.52	161.428125
111	3978.662428	5250.94594	950.55	161.4385417
111	3978.655094	5250.719323	950.50	161.459375
111	3978.644436	5250.47266	950.47	161.4802083
111	3978.635428	5250.351467	950.48	161.490625
111	3978.615873	5250.180425	950.45	161.5010417
111	3978.607366	5250.053829	950.46	161.5114583
111	3978.602194	5249.937098	950.46	161.521875
111	3978.594708	5249.826134	950.46	161.5322917
111	3978.568992	5249.5411	950.48	161.553125
111	3978.567473	5249.439176	950.43	161.5635417
111	3978.470449	5248.036015	950.40	161.6833333
111	3978.463831	5247.998162	950.41	161.6854167
111	3978.465766	5247.879696	950.34	161.6996528
111	3978.446199	5247.63006	950.33	161.7197917
111	3978.429725	5247.487286	950.37	161.7302083
111	3978.425397	5247.375551	950.36	161.740625
111	3978.414974	5247.247083	950.35	161.7510417
111	3978.400103	5247.098557	950.34	161.7614583
111	3978.397512	5246.996987	950.36	161.771875
111	3978.352372	5246.462808	950.36	161.8135417
111	3978.345529	5246.335965	950.30	161.8239583
111	3978.339907	5246.219398	950.31	161.834375
111	3978.334387	5246.116019	950.30	161.8447917
111	3978.320959	5245.956819	950.28	161.8552083
111	3978.32262	5245.86983	950.27	161.865625
111	3978.314003	5245.727784	950.26	161.8760417
111	3978.302006	5245.583916	950.27	161.8864583
111	3978.285276	5245.430912	950.29	161.896875
111	3978.281177	5245.316563	950.24	161.9072917
111	3978.270616	5245.196036	950.32	161.9177083
111	3978.2688	5245.088975	950.26	161.928125
111	3978.251263	5244.820874	950.26	161.9489583
111	3978.248549	5244.711498	950.24	161.959375
111	3978.230447	5244.558673	950.25	161.9697917
111	3978.209009	5244.294096	950.28	161.990625
111	3978.213531	5244.20403	950.22	162.0010417
111	3978.202153	5244.057538	950.21	162.0114583
111	3978.190072	5243.926866	950.21	162.021875
111	3978.184113	5243.810476	950.21	162.0322917
111	3978.173601	5243.689994	950.21	162.0427083
111	3978.162469	5243.548555	950.21	162.053125
111	3978.154164	5243.445838	950.20	162.0635417
111	3978.145647	5243.306613	950.20	162.0739583
111	3978.140422	5243.203265	950.19	162.084375
111	3978.132807	5243.087109	950.18	162.0947917
111	3978.121236	5242.956447	950.19	162.1052083
111	3978.111359	5242.46157	950.15	162.1572917
111	3978.075152	5241.970483	950.13	162.1989583
111	3978.063206	5241.829502	950.12	162.209375
111	3978.044578	5241.569572	950.13	162.2302083
111	3978.034109	5241.430802	950.13	162.240625
111	3978.020261	5241.295565	950.20	162.2510417
111	3978.017374	5241.17846	950.16	162.2614583
111	3978.017692	5241.073785	950.13	162.271875
111	3977.997025	5240.79623	950.11	162.2927083
111	3977.988298	5240.66226	950.09	162.303125
111	3977.978074	5240.510388	950.07	162.3135417
111	3977.97621	5240.414159	950.11	162.3239583
111	3977.963004	5240.260365	950.06	162.334375
111	3977.955951	5240.12339	950.07	162.3447917
111	3977.95377	5240.001087	950.05	162.3552083
111	3977.949067	5239.887099	950.05	162.365625
111	3977.939112	5239.745742	950.05	162.3760417
111	3977.924461	5239.576604	950.02	162.3864583
111	3977.89892	5239.159293	950.02	162.4177083
111	3977.884245	5239.000632	950.06	162.428125
111	3977.880063	5238.884021	950.07	162.4385417
111	3977.88103	5238.763578	950.02	162.4489583
111	3977.87502	5238.621444	949.99	162.459375
111	3977.849448	5238.193552	949.98	162.490625
111	3977.828783	5237.900639	950.02	162.5114583
111	3977.817352	5237.741284	949.98	162.5222222
111	3977.817406	5237.511574	949.95	162.5427083
111	3977.592664	5233.89653	949.81	162.803125
111	3977.579302	5233.737909	949.83	162.8138889
111	3977.535996	5232.905484	949.75	162.8760417
111	3977.531274	5232.784079	949.75	162.8864583
111	3977.521455	5232.640284	949.78	162.896875
111	3977.507513	5232.471438	949.77	162.9072917
111	3977.492383	5232.315913	949.79	162.9177083
111	3977.486578	5232.181547	949.78	162.928125
111	3977.473763	5232.015094	949.78	162.9385417
111	3977.463079	5231.866368	949.75	162.9489583
111	3977.45749	5231.73216	949.75	162.959375
111	3977.445639	5231.58887	949.75	162.9697917
111	3977.438977	5231.449758	949.75	162.9802083
111	3977.429327	5231.318926	949.79	162.990625
111	3977.420335	5231.164783	949.76	163.0010417
111	3977.406454	5230.907269	949.73	163.021875
111	3977.390529	5230.736329	949.72	163.0322917
111	3977.381282	5230.597744	949.72	163.0427083
111	3977.36836	5230.449585	949.72	163.053125
111	3977.364782	5230.33824	949.70	163.0635417
111	3977.351551	5230.185098	949.69	163.0739583
111	3977.33641	5230.034828	949.71	163.084375
111	3977.323747	5229.894321	949.73	163.0947917
111	3977.32479	5229.800427	949.71	163.1052083
111	3977.310373	5229.637073	949.69	163.115625
111	3977.29535	5229.497205	949.69	163.1260417
111	3977.287548	5229.379155	949.69	163.1364583
111	3977.282519	5229.263113	949.68	163.146875
111	3977.269921	5229.114935	949.65	163.1572917
111	3977.262052	5229.002162	949.68	163.1677083
111	3977.252388	5228.86121	949.66	163.178125
111	3977.242584	5228.720108	949.63	163.1885417
111	3977.227942	5228.58028	949.66	163.1989583
111	3977.218073	5228.449605	949.64	163.209375
111	3977.189907	5228.167006	949.66	163.2302083
111	3977.189583	5228.070851	949.63	163.240625
111	3977.179965	5227.937609	949.63	163.2510417
111	3977.168029	5227.794489	949.63	163.2614583
111	3977.151784	5227.644558	949.64	163.271875
111	3977.142496	5227.506199	949.63	163.2822917
111	3977.140591	5227.410231	949.63	163.2927083
111	3977.127208	5227.254433	949.60	163.303125
111	3977.11081	5227.104649	949.63	163.3135417
111	3977.105303	5226.978398	949.61	163.3239583
111	3977.095037	5226.842811	949.65	163.334375
111	3977.058527	5226.302037	949.59	163.3767361
111	3977.051352	5226.168321	949.56	163.3864583
111	3977.038111	5226.015259	949.55	163.396875
111	3977.027275	5225.864294	949.55	163.4072917
111	3977.012647	5225.708835	949.55	163.4177083
111	3977.011671	5225.521727	949.53	163.4368056
111	3976.993201	5225.338674	949.52	163.4475694
111	3976.990918	5225.308006	949.52	163.4496528
111	3976.978207	5225.157297	949.49	163.459375
111	3976.967104	5225.016816	949.51	163.4697917
111	3976.948773	5224.737359	949.48	163.490625
111	3976.936533	5224.586756	949.48	163.5010417
111	3976.929949	5224.452979	949.44	163.5114583
111	3976.917382	5224.30246	949.46	163.521875
111	3976.90964	5224.171474	949.45	163.5322917
111	3976.900444	5224.033234	949.45	163.5427083
111	3976.889921	5223.884717	949.45	163.553125
111	3976.88148	5223.751468	949.44	163.5635417
111	3976.853707	5223.419732	949.45	163.5864583
111	3976.821374	5223.112308	949.46	163.6048611
111	3976.817951	5222.990994	949.43	163.6152778
111	3976.802458	5222.825458	949.43	163.6256944
111	3976.781011	5222.554893	949.43	163.6465278
111	3976.758882	5222.372582	949.42	163.6569444
111	3976.750726	5222.262702	949.41	163.6673611
111	3976.727005	5221.992575	949.36	163.6881944
111	3976.714549	5221.855029	949.36	163.6986111
111	3976.698277	5221.715697	949.36	163.7090278
111	3976.673138	5221.427776	949.32	163.7298611
111	3976.664492	5221.302231	949.33	163.7402778
111	3976.632742	5220.896315	949.33	163.7697917
111	3976.625886	5220.84321	949.32	163.771875
111	3976.625017	5220.747411	949.31	163.7819444
111	3976.612981	5220.596827	949.31	163.7923611
111	3976.599704	5220.340075	949.29	163.8131944
111	3976.58698	5220.179377	949.26	163.8236111
111	3976.569176	5219.897655	949.28	163.8444444
111	3976.563944	5219.771525	949.25	163.8548611
111	3976.545684	5219.601575	949.30	163.865625
111	3976.540349	5219.472955	949.25	163.8756944
111	3976.532083	5219.337308	949.25	163.8861111
111	3976.524059	5219.209275	949.26	163.8965278
111	3976.502594	5219.008836	949.26	163.9069444
111	3976.498994	5218.885098	949.24	163.9173611
111	3976.487167	5218.729314	949.21	163.9277778
111	3976.482862	5218.616011	949.22	163.9381944
111	3976.47118	5218.475896	949.25	163.9486111
111	3976.458723	5218.315127	949.23	163.9590278
111	3976.452664	5218.194555	949.24	163.9694444
111	3976.443816	5218.051238	949.24	163.9798611
111	3976.431956	5217.895402	949.23	163.9902778
111	3976.420939	5217.749944	949.21	164.0006944
111	3976.414813	5217.619043	949.19	164.0111111
111	3976.410022	5217.505881	949.20	164.0215278
111	3976.396912	5217.340159	949.19	164.0319444
111	3976.391313	5217.209069	949.17	164.0423611
111	3976.379936	5217.068848	949.18	164.0527778
111	3976.370258	5216.933499	949.19	164.0631944
111	3976.359837	5216.787953	949.19	164.0736111
111	3976.349045	5216.639877	949.18	164.0840278
111	3976.347749	5216.536462	949.14	164.0944444
111	3976.32903	5216.356289	949.16	164.1048611
111	3976.334173	5216.285212	949.15	164.1152778
111	3976.314203	5216.115766	949.16	164.1256944
111	3976.304818	5215.975164	949.16	164.1361111
111	3976.296964	5215.855053	949.17	164.1465278
111	3976.280602	5215.695126	949.17	164.1569444
111	3976.279976	5215.586562	949.12	164.1673611
111	3976.266232	5215.43645	949.13	164.1777778
111	3976.260219	5215.323619	949.14	164.1881944
111	3976.251896	5215.188142	949.13	164.1986111
111	3976.24678	5215.072612	949.11	164.2090278
111	3976.238294	5214.942309	949.11	164.2194444
111	3976.225707	5214.797202	949.10	164.2298611
111	3976.211116	5214.637036	949.11	164.2402778
111	3976.201764	5214.499189	949.09	164.2506944
111	3976.189901	5214.359168	949.09	164.2611111
111	3976.185908	5214.248652	949.09	164.2715278
111	3976.179765	5214.122831	949.07	164.2819444
111	3976.162223	5213.966013	949.13	164.2923611
111	3976.162079	5213.875314	949.07	164.3020833
111	3976.153624	5213.822718	949.09	164.3041667
111	3976.158217	5213.751827	949.08	164.3131944
111	3976.147727	5213.614157	949.07	164.3236111
111	3976.137177	5213.466249	949.06	164.3340278
111	3976.128268	5213.325556	949.05	164.3444444
111	3976.116184	5213.079536	949.05	164.3652778
111	3976.10966	5212.948803	949.04	164.3756944
111	3976.104577	5212.822995	949.01	164.3861111
111	3976.096245	5212.682209	949.00	164.3965278
111	3976.082735	5212.521904	948.99	164.4069444
111	3976.07537	5212.396679	948.99	164.4173611
111	3976.066137	5212.256189	948.98	164.4277778
111	3976.056144	5212.113252	948.98	164.4381944
111	3976.04812	5211.977834	948.98	164.4486111
111	3976.046589	5211.869311	948.96	164.4590278
111	3976.035191	5211.711213	948.96	164.4694444
111	3976.023494	5211.5584	948.96	164.4798611
111	3976.008397	5211.403593	949.03	164.4902778
111	3976.002643	5211.262422	948.98	164.5006944
111	3976.003759	5211.163906	948.96	164.5111111
111	3975.988471	5210.98335	948.96	164.5215278
111	3975.989699	5210.884633	948.94	164.5319444
111	3975.984042	5210.746167	948.91	164.5423611
111	3975.972453	5210.590763	948.92	164.5527778
111	3975.947399	5210.16646	948.89	164.5840278
111	3975.942587	5210.053646	948.90	164.5944444
111	3975.934895	5209.910323	948.88	164.6048611
111	3975.926915	5209.774886	948.86	164.6152778
111	3975.92093	5209.644168	948.85	164.6256944
111	3975.913276	5209.51901	948.86	164.6361111
111	3975.872276	5208.937781	948.85	164.6777778
111	3975.87072	5208.829462	948.83	164.6881944
111	3975.854196	5208.566516	948.84	164.7090278
111	3975.82396	5208.233873	948.85	164.7298611
111	3975.8148	5208.083382	948.83	164.7402778
111	3975.818763	5208.010079	948.83	164.7506944
111	3975.804662	5207.852691	948.82	164.7611111
111	3975.779062	5207.436631	948.80	164.7923611
111	3975.766925	5207.291706	948.79	164.8027778
111	3975.768755	5207.185363	948.77	164.8131944
111	3975.742124	5206.872849	948.78	164.8340278
111	3975.724351	5206.597452	948.79	164.8548611
111	3975.716401	5206.459433	948.78	164.8652778
111	3975.713759	5206.338581	948.74	164.8756944
111	3975.706	5206.205742	948.73	164.8861111
111	3975.697751	5206.067985	948.73	164.8965278
111	3975.692502	5205.937255	948.71	164.9069444
111	3975.681364	5205.784372	948.73	164.9173611
111	3975.666627	5205.632496	948.75	164.9277778
111	3975.662946	5205.509186	948.71	164.9381944
111	3975.653183	5205.371757	948.73	164.9486111
111	3975.634793	5205.088598	948.72	164.9694444
111	3975.630705	5205.071379	948.72	164.9697917
111	3975.633426	5204.982974	948.69	164.9798611
111	3975.620128	5204.810014	948.66	164.9902778
111	3975.605225	5204.531592	948.68	165.0111111
111	3975.599683	5204.400978	948.65	165.0215278
111	3975.591708	5204.265742	948.63	165.0319444
111	3975.582481	5204.123045	948.64	165.0423611
111	3975.561134	5203.938806	948.68	165.0527778
111	3975.558397	5203.807655	948.63	165.0631944
111	3975.5548	5203.692293	948.63	165.0736111
111	3975.543666	5203.552413	948.63	165.0840278
111	3975.536164	5203.422224	948.61	165.0944444
111	3975.527527	5203.289756	948.64	165.1052083
111	3975.521553	5203.17479	948.62	165.1152778
111	3975.512109	5203.021863	948.62	165.1256944
111	3975.494809	5202.88843	948.55	165.1361111
111	3975.479902	5202.754711	948.56	165.1465278
111	3975.462322	5202.590401	948.54	165.1569444
111	3975.465774	5202.602632	948.53	165.1572917
111	3975.44969	5202.453452	948.59	165.1673611
111	3975.439553	5202.32902	948.55	165.1777778
111	3975.427317	5202.173979	948.52	165.1881944
111	3975.418117	5202.057266	948.54	165.1986111
111	3975.410198	5201.940117	948.53	165.2090278
111	3975.401697	5201.810176	948.49	165.2194444
111	3975.386057	5201.658517	948.51	165.2298611
111	3975.381841	5201.558669	948.49	165.2402778
111	3975.366348	5201.409589	948.52	165.2506944
111	3975.352632	5201.267687	948.49	165.2611111
111	3975.339371	5201.131085	948.53	165.2715278
111	3975.324836	5200.981644	948.51	165.2819444
111	3975.310509	5200.742097	948.47	165.3034722
111	3975.285866	5200.52761	948.44	165.315625
111	3975.274374	5200.341661	948.47	165.3340278
111	3975.265037	5200.214438	948.47	165.3444444
111	3975.252961	5200.072342	948.45	165.3548611
111	3975.250911	5199.974896	948.42	165.3652778
111	3975.214874	5199.644123	948.44	165.3861111
111	3975.209862	5199.529072	948.38	165.3965278
111	3975.201146	5199.401844	948.36	165.4069444
111	3975.189651	5199.264858	948.36	165.4173611
111	3975.17968	5199.14048	948.38	165.4277778
111	3975.159052	5198.956274	948.37	165.4381944
111	3975.15699	5198.85357	948.33	165.4486111
111	3975.146757	5198.724057	948.33	165.4590278
111	3975.135483	5198.581945	948.33	165.4694444
111	3975.12202	5198.432466	948.35	165.4798611
111	3975.111637	5198.292695	948.34	165.4902778
111	3975.097463	5198.153754	948.35	165.5006944
111	3975.092258	5198.025702	948.30	165.5111111
111	3975.078578	5197.87118	948.29	165.5215278
111	3975.072869	5197.756408	948.27	165.5319444
111	3975.059982	5197.596547	948.26	165.5423611
111	3975.044036	5197.431993	948.26	165.5527778
111	3975.027969	5197.267653	948.22	165.5631944
111	3975.006072	5197.096741	948.27	165.5736111
111	3975.00183	5196.960931	948.20	165.5840278
111	3974.988901	5196.7986	948.16	165.5944444
111	3974.968914	5196.598863	948.14	165.6048611
111	3974.958429	5196.456663	948.14	165.6152778
111	3974.95222	5196.339244	948.14	165.6256944
111	3974.935639	5196.162148	948.12	165.6361111
111	3974.927837	5196.019449	948.09	165.6465278
111	3974.900826	5195.715476	948.07	165.6673611
111	3974.891984	5195.580686	948.07	165.6777778
111	3974.86632	5195.366688	948.07	165.6881944
111	3974.84672	5195.07942	947.99	165.7090278
111	3974.839093	5194.957302	948.00	165.7194444
111	3974.809602	5194.630785	948.00	165.7402778
111	3974.800257	5194.493435	947.96	165.7506944
111	3974.78519	5194.331687	947.97	165.7611111
111	3974.778583	5194.206709	947.95	165.7715278
111	3974.761506	5194.040068	947.95	165.7819444
111	3974.748266	5193.877709	947.92	165.7923611
111	3974.73468	5193.725893	947.92	165.8027778
111	3974.720294	5193.57414	947.90	165.8131944
111	3974.716298	5193.448784	947.86	165.8236111
111	3974.704717	5193.294009	947.83	165.8340278
111	3974.654285	5192.70899	947.83	165.8756944
111	3974.631101	5192.41228	947.82	165.8965278
111	3974.623044	5192.287722	947.80	165.9069444
111	3974.603582	5192.10862	947.85	165.9173611
111	3974.595991	5191.98917	947.83	165.9277778
111	3974.578632	5191.801996	947.82	165.9381944
111	3974.576302	5191.704816	947.78	165.9486111
111	3974.560087	5191.522533	947.75	165.9590278
111	3974.551881	5191.395527	947.75	165.9694444
111	3974.540655	5191.24066	947.74	165.9798611
111	3974.533151	5191.110847	947.71	165.9902778
111	3974.523807	5190.963417	947.68	166.0006944
111	3974.500739	5190.769751	947.72	166.0111111
111	3974.497369	5190.651959	947.67	166.0215278
111	3974.481857	5190.47986	947.69	166.0319444
111	3974.473534	5190.34263	947.68	166.0423611
111	3974.470978	5190.230069	947.66	166.0527778
111	3974.454453	5190.068541	947.68	166.0631944
111	3974.443925	5189.91109	947.63	166.0736111
111	3974.433015	5189.779354	947.63	166.0840278
111	3974.415669	5189.610308	947.64	166.0944444
111	3974.413304	5189.502824	947.60	166.1048611
111	3974.404633	5189.373278	947.59	166.1152778
111	3974.386516	5189.209384	947.61	166.1256944
111	3974.383106	5189.086742	947.55	166.1361111
111	3974.364133	5188.915334	947.58	166.1465278
111	3974.349174	5188.758737	947.57	166.1569444
111	3974.338776	5188.616666	947.57	166.1673611
111	3974.329405	5188.492454	947.56	166.1777778
111	3974.318375	5188.36346	947.57	166.1881944
111	3974.307897	5188.218918	947.55	166.1986111
111	3974.295126	5188.06453	947.52	166.2090278
111	3974.287015	5187.937511	947.50	166.2194444
111	3974.26823	5187.763603	947.50	166.2298611
111	3974.266146	5187.671474	947.48	166.2402778
111	3974.24896	5187.49978	947.48	166.2506944
111	3974.240461	5187.383114	947.48	166.2611111
111	3974.225501	5187.224063	947.48	166.2715278
111	3974.218423	5187.101965	947.45	166.2822917
111	3974.211219	5186.990252	947.46	166.2923611
111	3974.196454	5186.831086	947.45	166.3027778
111	3974.183578	5186.681845	947.42	166.3131944
111	3974.179897	5186.569409	947.41	166.3236111
111	3974.159739	5186.375354	947.40	166.3371528
111	3974.153959	5186.289107	947.41	166.3440972
111	3974.135174	5186.109977	947.40	166.3545139
111	3974.127499	5185.983115	947.41	166.3649306
111	3974.123704	5185.878485	947.38	166.3753472
111	3974.104386	5185.699557	947.37	166.3857639
111	3974.101149	5185.595018	947.34	166.3961806
111	3974.082332	5185.42627	947.34	166.4065972
111	3974.071009	5185.312751	947.32	166.4170139
111	3974.061672	5185.178353	947.28	166.4277778
111	3974.042774	5185.032741	947.28	166.4347222
111	3974.03648	5184.977393	947.28	166.4381944
111	3974.025929	5184.850986	947.26	166.4486111
111	3974.008126	5184.681981	947.23	166.4590278
111	3973.97956	5184.410006	947.21	166.4746528
111	3973.94824	5184.143435	947.19	166.4902778
111	3973.949926	5183.799243	947.24	166.5006944
111	3973.925953	5183.528708	947.29	166.5111111
