333	3772.320432	5347.870808	945.22	153.9482639
333	3772.304112	5347.737245	945.23	153.9597222
333	3772.298863	5347.706558	945.25	153.9625
333	3772.298201	5347.668208	945.23	153.9670139
333	3772.282349	5347.598746	945.28	153.9704861
333	3772.268429	5347.470876	945.26	153.9805556
333	3772.255763	5347.358741	945.26	153.9909722
333	3772.245368	5347.242727	945.24	154.0013889
333	3772.231015	5347.134431	945.29	154.0118056
333	3772.21656	5347.000134	945.26	154.0222222
333	3772.208127	5346.896651	945.28	154.0326389
333	3772.193664	5346.771967	945.28	154.0430556
333	3772.175249	5346.632554	945.30	154.0534722
333	3772.170915	5346.534288	945.29	154.0638889
333	3772.153287	5346.3979	945.26	154.0743056
333	3772.138471	5346.273448	945.29	154.0847222
333	3772.122878	5346.136496	945.27	154.0951389
333	3772.10726	5346.009271	945.31	154.1055556
333	3772.085491	5345.864352	945.35	154.1159722
333	3772.077488	5345.750835	945.32	154.1263889
333	3772.070863	5345.643527	945.33	154.1368056
333	3772.038471	5345.373134	945.31	154.1576389
333	3772.026034	5345.24504	945.31	154.1680556
333	3772.022549	5345.149585	945.31	154.1784722
333	3771.998245	5344.986216	945.36	154.1888889
333	3771.989709	5344.866636	945.29	154.1993056
333	3771.976323	5344.745069	945.33	154.2097222
333	3771.904975	5344.026648	945.33	154.2704861
333	3771.84086	5343.386429	945.36	154.3243056
333	3771.843345	5343.369672	945.35	154.3277778
333	3771.835568	5343.285182	945.38	154.3347222
333	3771.815032	5343.143365	945.37	154.3451389
333	3771.811679	5343.054409	945.37	154.3559028
333	3771.771269	5342.677264	945.36	154.3878472
333	3771.751546	5342.532007	945.32	154.3965278
333	3771.748444	5342.452586	945.32	154.4069444
333	3771.724998	5342.298788	945.33	154.4173611
333	3771.714195	5342.192526	945.36	154.4277778
333	3771.698713	5342.058925	945.34	154.4381944
333	3771.674257	5341.831735	945.40	154.4590278
333	3771.68159	5341.775067	945.36	154.4694444
333	3771.661802	5341.626512	945.36	154.4809028
333	3771.630282	5341.37868	945.35	154.5006944
333	3771.628565	5341.356755	945.35	154.5048611
333	3771.622611	5341.297324	945.37	154.5111111
333	3771.602349	5341.155499	945.38	154.5215278
333	3771.595995	5341.048266	945.36	154.5319444
333	3771.566683	5340.822254	945.37	154.5527778
333	3771.55158	5340.691713	945.41	154.5631944
333	3771.297625	5338.338468	945.41	154.7576389
333	3771.28782	5338.277031	945.42	154.7611111
333	3771.294596	5338.211146	945.44	154.7715278
333	3771.271044	5338.060525	945.47	154.7819444
333	3771.267694	5337.98463	945.53	154.7923611
333	3771.247132	5337.823737	945.46	154.8027778
333	3771.23469	5337.689221	945.42	154.8131944
333	3771.237395	5337.614899	945.43	154.8236111
333	3771.212196	5337.461639	945.45	154.8340278
333	3771.17567	5337.199408	945.46	154.8527778
333	3771.19317	5337.236232	945.45	154.8548611
333	3771.163212	5337.077947	945.49	154.8652778
333	3771.158229	5336.986495	945.48	154.8756944
333	3771.145237	5336.858732	945.47	154.8861111
333	3771.127605	5336.738701	945.55	154.8965278
333	3771.121819	5336.650591	945.52	154.9069444
333	3771.114844	5336.550128	945.61	154.9173611
333	3771.093794	5336.382855	945.46	154.9277778
333	3771.086528	5336.288703	945.47	154.9381944
333	3771.075085	5336.176678	945.49	154.9486111
333	3771.062073	5336.061628	945.50	154.9590278
333	3771.055415	5335.960979	945.50	154.9694444
333	3771.039653	5335.837351	945.49	154.9798611
333	3771.019517	5335.69867	945.53	154.9902778
333	3771.023402	5335.630534	945.46	155.0006944
333	3771.006047	5335.497325	945.47	155.0111111
333	3770.988442	5335.358311	945.47	155.0215278
333	3770.976052	5335.246456	945.50	155.0319444
333	3770.969879	5335.152037	945.49	155.0423611
333	3770.960219	5335.046012	945.50	155.0527778
333	3770.948614	5334.930727	945.50	155.0631944
333	3770.921138	5334.752483	945.47	155.0736111
333	3770.912887	5334.658758	945.49	155.0840278
333	3770.90428	5334.545894	945.49	155.0944444
333	3770.884165	5334.41681	945.53	155.1048611
333	3770.88097	5334.312158	945.52	155.1152778
333	3770.867674	5334.175007	945.51	155.1256944
333	3770.84858	5334.042778	945.53	155.1361111
333	3770.832491	5333.91584	945.56	155.1465278
333	3770.827031	5333.805485	945.51	155.1569444
333	3770.811578	5333.681491	945.56	155.1673611
333	3770.804095	5333.552345	945.52	155.1777778
333	3770.78779	5333.428937	945.53	155.1881944
333	3770.783483	5333.327728	945.50	155.1986111
333	3770.760308	5333.158055	945.53	155.2090278
333	3770.75412	5333.063697	945.53	155.2194444
333	3770.737243	5332.914897	945.53	155.2298611
333	3770.728743	5332.789164	945.52	155.2402778
333	3770.71084	5332.66932	945.54	155.2506944
333	3770.708733	5332.573872	945.56	155.2611111
333	3770.696854	5332.452404	945.56	155.2715278
333	3770.673356	5332.282854	945.57	155.2819444
333	3770.660301	5332.15849	945.54	155.2923611
333	3770.651786	5332.029796	945.51	155.3027778
333	3770.641919	5331.920463	945.54	155.3131944
333	3770.619925	5331.773088	945.60	155.3236111
333	3770.622762	5331.698546	945.58	155.3340278
333	3770.60685	5331.555868	945.56	155.3444444
333	3770.573046	5331.277273	945.59	155.3652778
333	3770.55984	5331.143431	945.53	155.3756944
333	3770.553727	5331.046002	945.55	155.3861111
333	3770.554666	5330.972107	945.54	155.3965278
333	3770.540815	5330.848116	945.58	155.4069444
333	3770.523219	5330.705806	945.58	155.4173611
333	3770.51423	5330.605942	945.61	155.4277778
333	3770.490181	5330.446163	945.61	155.4381944
333	3770.487229	5330.354346	945.57	155.4486111
333	3770.47232	5330.227437	945.56	155.4590278
333	3770.463552	5330.12419	945.61	155.4694444
333	3770.451791	5329.996328	945.59	155.4798611
333	3770.436088	5329.866308	945.58	155.4902778
333	3770.437722	5329.814915	945.61	155.5006944
333	3770.41683	5329.651098	945.60	155.5111111
333	3770.405325	5329.53595	945.58	155.5215278
333	3770.385111	5329.400827	945.59	155.5319444
333	3770.379789	5329.313011	945.63	155.5423611
333	3770.36615	5329.16958	945.58	155.5527778
333	3770.343295	5329.025516	945.60	155.5631944
333	3770.338538	5328.927783	945.62	155.5736111
333	3770.320441	5328.709097	945.61	155.5944444
333	3770.300772	5328.561092	945.65	155.6048611
333	3770.29059	5328.439069	945.60	155.6152778
333	3770.283783	5328.338798	945.58	155.6256944
333	3770.282396	5328.252947	945.60	155.6361111
333	3770.254353	5328.001666	945.57	155.6569444
333	3770.231496	5327.832237	945.58	155.6673611
333	3770.208064	5327.666185	945.61	155.6777778
333	3770.201574	5327.565621	945.58	155.6881944
333	3770.195832	5327.449115	945.59	155.6986111
333	3770.188059	5327.336257	945.58	155.7090278
333	3770.165781	5327.179227	945.62	155.7194444
333	3770.152216	5327.055277	945.61	155.7298611
333	3770.141644	5326.933523	945.62	155.7402778
333	3770.108724	5326.731648	945.65	155.7506944
333	3770.099819	5326.552128	945.68	155.7715278
333	3770.086523	5326.408825	945.63	155.7819444
333	3769.296571	5318.40255	945.87	156.4385417
333	3769.292302	5318.301787	945.84	156.4489583
333	3769.279936	5318.187195	945.84	156.459375
333	3769.268822	5318.059679	945.83	156.4697917
333	3769.258327	5317.950912	945.89	156.4802083
333	3769.237174	5317.794033	945.88	156.490625
333	3769.22758	5317.599235	945.83	156.5114583
333	3769.195949	5317.336935	945.85	156.5322917
333	3769.187535	5317.237273	945.89	156.5427083
333	3769.177563	5317.122208	945.87	156.553125
333	3769.165879	5317.001059	945.90	156.5635417
333	3769.137234	5316.674466	945.90	156.5947917
333	3769.119784	5316.535689	945.92	156.6052083
333	3769.098163	5316.375887	945.93	156.615625
333	3769.103606	5316.320439	945.94	156.6260417
333	3769.083278	5316.166497	945.93	156.6364583
333	3768.985825	5315.113495	945.92	156.7253472
333	3768.979319	5315.048313	945.93	156.7302083
333	3768.971655	5314.939018	945.95	156.740625
333	3768.945516	5314.672387	945.94	156.7611111
333	3768.926698	5314.51823	945.96	156.771875
333	3768.923291	5314.42377	945.97	156.7822917
333	3768.914228	5314.298945	945.93	156.7927083
333	3768.899524	5314.162747	945.94	156.803125
333	3768.890079	5314.041232	945.93	156.8135417
333	3768.741175	5312.445771	945.96	156.9482639
333	3768.730604	5312.400762	945.98	156.95
333	3768.723822	5312.294409	945.99	156.9635417
333	3768.717477	5312.219855	946.01	156.9697917
333	3768.696266	5312.072795	946.02	156.9802083
333	3768.691214	5311.969215	945.96	156.990625
333	3768.681924	5311.854133	945.95	157.0010417
333	3768.662697	5311.712871	945.97	157.0111111
333	3768.657738	5311.618882	945.97	157.021875
333	3768.644025	5311.495212	945.99	157.0322917
333	3768.634223	5311.377187	946.00	157.0427083
333	3768.629329	5311.286163	945.98	157.053125
333	3768.611048	5311.144679	945.99	157.0635417
333	3768.601874	5311.03588	945.99	157.0739583
333	3768.594501	5310.929716	945.99	157.084375
333	3768.583351	5310.799246	946.02	157.0947917
333	3768.563281	5310.661429	946.02	157.1052083
333	3768.556319	5310.551971	946.01	157.1152778
333	3768.543028	5310.418853	945.99	157.1260417
333	3768.530857	5310.304543	946.02	157.1361111
333	3768.530944	5310.218692	946.00	157.146875
333	3768.513575	5310.073812	946.02	157.1572917
333	3768.503205	5309.952659	946.01	157.1677083
333	3768.486104	5309.798236	945.98	157.178125
333	3768.477951	5309.692417	946.00	157.1885417
333	3768.469494	5309.573994	946.02	157.1989583
333	3768.457074	5309.431092	946.00	157.209375
333	3768.449699	5309.321775	946.00	157.2197917
333	3768.439768	5309.194251	945.98	157.2302083
333	3768.435339	5309.100082	946.01	157.240625
333	3768.423211	5308.960323	946.01	157.2510417
333	3768.409357	5308.808436	946.00	157.2614583
333	3768.397605	5308.674876	946.01	157.271875
333	3768.383774	5308.541727	946.02	157.2822917
333	3768.387257	5308.461698	945.99	157.2927083
333	3768.36743	5308.298534	946.02	157.303125
333	3768.360372	5308.170213	946.03	157.3135417
333	3768.350857	5308.048907	946.04	157.3239583
333	3768.340042	5307.895953	946.04	157.334375
333	3768.324878	5307.747633	946.03	157.3444444
333	3768.317791	5307.625734	946.05	157.3552083
333	3768.267828	5307.006909	946.00	157.4017361
333	3768.259292	5306.936199	946.02	157.4072917
333	3768.248485	5306.799271	946.02	157.4177083
333	3768.24489	5306.701992	946.00	157.428125
333	3768.247043	5306.606366	945.98	157.4385417
333	3768.225662	5306.45302	946.04	157.4489583
333	3768.222814	5306.352483	945.99	157.459375
333	3768.186304	5305.939716	946.02	157.4940972
333	3768.175145	5305.853812	946.05	157.5010417
333	3768.168557	5305.747602	946.03	157.5114583
333	3768.181066	5305.722244	946.02	157.521875
333	3768.167549	5305.586149	946.01	157.5322917
333	3768.164801	5305.4855	945.98	157.5427083
333	3768.150709	5305.346361	946.00	157.553125
333	3768.143962	5305.252871	946.01	157.5635417
333	3768.116113	5304.92376	946.01	157.590625
333	3768.100462	5304.832598	945.98	157.5947917
333	3768.093728	5304.647283	945.99	157.615625
333	3768.034043	5303.942726	946.03	157.6746528
333	3768.022134	5303.860125	946.04	157.678125
333	3768.018785	5303.769028	946.02	157.6885417
333	3768.011253	5303.647602	946.01	157.6989583
333	3767.986301	5303.473112	946.08	157.709375
333	3767.981623	5303.369694	946.05	157.7197917
333	3767.987599	5303.285778	946.01	157.7302083
333	3767.961126	5303.111904	946.09	157.740625
333	3767.951638	5302.977983	946.04	157.7510417
333	3767.947503	5302.864983	946.01	157.7614583
333	3767.946235	5302.767131	946.04	157.771875
333	3767.922265	5302.431007	946.02	157.7996528
333	3767.91583	5302.388128	946.07	157.803125
333	3767.876461	5301.862843	946.05	157.8447917
333	3767.874947	5301.771236	946.02	157.8552083
333	3767.863389	5301.644367	946.03	157.865625
333	3767.854008	5301.510588	946.01	157.8760417
333	3767.834273	5301.347551	946.02	157.8864583
333	3767.829963	5301.244108	946.01	157.896875
333	3767.824363	5301.128448	946.00	157.9072917
333	3767.799869	5300.963625	946.05	157.9177083
333	3767.800582	5300.877766	946.02	157.928125
333	3767.79719	5300.780607	946.02	157.9385417
333	3767.780636	5300.635962	946.03	157.9489583
333	3767.771905	5300.517781	946.01	157.959375
333	3767.769158	5300.42674	946.04	157.9697917
333	3767.747341	5300.264137	946.06	157.9798611
333	3767.749648	5300.193971	946.06	157.990625
333	3767.745055	5300.090745	946.03	158.0010417
333	3767.737299	5299.981913	946.03	158.0114583
333	3767.723142	5299.849241	946.03	158.021875
333	3767.702985	5299.683407	946.03	158.0319444
333	3767.701435	5299.60474	946.04	158.0427083
333	3767.682825	5299.466783	946.07	158.053125
333	3767.674436	5299.351858	946.08	158.0635417
333	3767.673416	5299.263389	946.07	158.0739583
333	3767.666425	5299.154395	946.05	158.084375
333	3767.648177	5299.010214	946.07	158.0947917
333	3767.636779	5298.89273	946.07	158.1048611
333	3767.624835	5298.772308	946.10	158.115625
333	3767.621432	5298.668719	946.06	158.1260417
333	3767.607435	5298.545612	946.14	158.1364583
333	3767.603499	5298.451724	946.08	158.146875
333	3767.581196	5298.280084	946.09	158.1572917
333	3767.575647	5298.170654	946.10	158.1677083
333	3767.574912	5298.079189	946.08	158.178125
333	3767.560526	5297.94663	946.10	158.1885417
333	3767.559977	5297.845564	946.10	158.1989583
333	3767.543048	5297.710554	946.18	158.209375
333	3767.535407	5297.582752	946.11	158.2197917
333	3767.525743	5297.455443	946.11	158.2302083
333	3767.523942	5297.354695	946.10	158.240625
333	3767.511035	5297.203024	946.09	158.2510417
333	3767.508851	5297.111594	946.11	158.2614583
333	3767.504507	5296.992693	946.06	158.271875
333	3767.481854	5296.824266	946.12	158.2822917
333	3767.469192	5296.681887	946.11	158.2923611
333	3767.474428	5296.601657	946.06	158.303125
333	3767.455198	5296.435721	946.06	158.3135417
333	3767.455751	5296.334325	946.06	158.3236111
333	3767.45236	5296.224437	946.05	158.334375
333	3767.432141	5296.058639	946.06	158.3447917
333	3767.43439	5295.972889	946.07	158.3552083
333	3767.42398	5295.836371	946.06	158.365625
333	3767.412725	5295.699948	946.05	158.3760417
333	3767.413196	5295.608265	946.06	158.3864583
333	3767.39825	5295.456924	946.05	158.396875
333	3767.366906	5295.053837	946.10	158.4302083
333	3767.369681	5294.989826	946.06	158.4385417
333	3767.356638	5294.860343	946.08	158.4489583
333	3767.35176	5294.75734	946.08	158.459375
333	3767.331032	5294.59479	946.12	158.4697917
333	3767.329381	5294.497278	946.09	158.4802083
333	3767.328057	5294.421864	946.13	158.490625
333	3767.316364	5294.276271	946.07	158.5010417
333	3767.308439	5294.167531	946.09	158.5114583
333	3767.303479	5294.073892	946.11	158.521875
333	3767.300007	5293.939084	946.06	158.5350694
333	3767.281581	5293.826492	946.08	158.5399306
333	3767.2826	5293.819996	946.08	158.5427083
333	3767.274802	5293.704987	946.09	158.553125
333	3767.266211	5293.59017	946.08	158.5635417
333	3767.257992	5293.478565	946.09	158.5739583
333	3767.246991	5293.370467	946.14	158.584375
333	3767.247697	5293.291526	946.10	158.5947917
333	3767.2222	5293.11118	946.16	158.6052083
333	3767.216245	5293.005301	946.14	158.615625
333	3767.216597	5292.929408	946.13	158.6260417
333	3767.216838	5292.860023	946.16	158.6340278
333	3767.21395	5292.829	946.16	158.6364583
333	3767.200499	5292.690134	946.11	158.646875
333	3767.192535	5292.575311	946.14	158.6572917
333	3767.180827	5292.442404	946.12	158.6677083
333	3767.170705	5292.3406	946.16	158.678125
333	3767.164393	5292.231532	946.14	158.6885417
333	3767.159053	5292.125533	946.14	158.6989583
333	3767.138898	5291.969189	946.20	158.709375
333	3767.132284	5291.762607	946.14	158.7302083
333	3767.122339	5291.632376	946.16	158.740625
333	3767.11722	5291.51998	946.15	158.7510417
333	3767.11837	5291.434506	946.13	158.7611111
333	3767.1122	5291.398135	946.13	158.7628472
333	3767.108822	5291.320096	946.12	158.771875
333	3767.095764	5291.190616	946.17	158.7822917
333	3767.087808	5291.056867	946.13	158.7927083
333	3767.084886	5290.947038	946.12	158.803125
333	3767.074175	5290.817129	946.15	158.8135417
333	3767.058359	5290.568381	946.15	158.834375
333	3767.056784	5290.477329	946.16	158.8447917
333	3767.046183	5290.341051	946.14	158.8552083
333	3767.048825	5290.267864	946.14	158.865625
333	3767.028604	5290.102289	946.14	158.8760417
333	3766.735851	5285.568609	946.23	159.296875
333	3766.723115	5285.470752	946.22	159.3010417
333	3766.712169	5285.214992	946.21	159.3246528
333	3766.711974	5285.133291	946.21	159.334375
333	3766.699763	5284.988046	946.23	159.3447917
333	3766.689407	5284.854961	946.27	159.3552083
333	3766.686755	5284.742207	946.25	159.365625
333	3766.681515	5284.639577	946.25	159.3760417
333	3766.67012	5284.500509	946.32	159.3864583
333	3766.671792	5284.389831	946.23	159.396875
333	3766.654729	5284.233263	946.25	159.4072917
333	3766.654662	5284.141923	946.26	159.4177083
333	3766.651589	5284.029291	946.24	159.428125
333	3766.635932	5283.888052	946.30	159.4385417
333	3766.633052	5283.77867	946.26	159.4489583
333	3766.624132	5283.651529	946.28	159.459375
333	3766.632891	5283.58968	946.23	159.4697917
333	3766.61954	5283.441807	946.22	159.4802083
333	3766.608986	5283.23007	946.26	159.5010417
333	3766.577535	5282.752697	946.24	159.5427083
333	3766.567152	5282.626038	946.26	159.553125
333	3766.566197	5282.541178	946.25	159.5635417
333	3766.554166	5282.411845	946.28	159.5739583
333	3766.551489	5282.314925	946.27	159.584375
333	3766.550924	5282.227039	946.25	159.5947917
333	3766.555367	5282.156699	946.24	159.6052083
333	3766.531756	5281.998539	946.28	159.615625
333	3766.541192	5281.936465	946.22	159.6260417
333	3766.527046	5281.798234	946.25	159.6364583
333	3766.528296	5281.728748	946.23	159.646875
333	3766.507733	5281.569905	946.24	159.6572917
333	3766.460171	5280.825672	946.28	159.7260417
333	3766.466154	5280.818083	946.31	159.7302083
333	3766.441309	5280.336224	946.24	159.7725694
333	3766.439769	5280.320951	946.28	159.7746528
333	3766.415502	5279.889397	946.30	159.8131944
333	3766.418273	5279.888655	946.30	159.8152778
333	3766.406645	5279.753087	946.29	159.8239583
333	3766.404726	5279.674745	946.30	159.8322917
333	3766.402542	5279.647057	946.30	159.834375
333	3766.401351	5279.54037	946.28	159.8447917
333	3766.392053	5279.416736	946.27	159.8552083
333	3766.38766	5279.304444	946.26	159.865625
333	3766.38196	5279.192678	946.26	159.8760417
333	3766.363427	5279.046135	946.33	159.8864583
333	3766.361628	5278.952165	946.38	159.896875
333	3766.348961	5278.807132	946.33	159.9072917
333	3766.350665	5278.706267	946.28	159.9177083
333	3766.342441	5278.585584	946.33	159.928125
333	3766.340855	5278.491693	946.29	159.9385417
333	3766.330908	5278.362015	946.29	159.9489583
333	3766.327952	5278.280883	946.34	159.959375
333	3766.317532	5278.138648	946.29	159.9697917
333	3766.32015	5278.065768	946.30	159.9802083
333	3766.312138	5277.95128	946.30	159.990625
333	3766.303677	5277.830674	946.30	160.0010417
333	3766.297016	5277.719055	946.28	160.0114583
333	3766.293747	5277.631901	946.30	160.021875
333	3766.28529	5277.508024	946.31	160.0322917
333	3766.281719	5277.417775	946.33	160.0427083
333	3766.280468	5277.327007	946.30	160.053125
333	3766.266191	5277.182507	946.29	160.0635417
333	3766.254727	5277.056152	946.33	160.0739583
333	3766.260708	5276.998263	946.32	160.084375
333	3766.249119	5276.881442	946.35	160.0947917
333	3766.240797	5276.776556	946.40	160.1052083
333	3766.233463	5276.658786	946.39	160.115625
333	3766.223888	5276.541635	946.38	160.1260417
333	3766.227293	5276.465564	946.34	160.1364583
333	3766.216068	5276.336125	946.35	160.146875
333	3766.219372	5276.272519	946.34	160.1572917
333	3766.208385	5276.133649	946.34	160.1677083
333	3766.192938	5275.998946	946.39	160.178125
333	3766.189737	5275.896103	946.36	160.1885417
333	3766.178472	5275.675686	946.41	160.209375
333	3766.165086	5275.537257	946.40	160.2197917
333	3766.163429	5275.440413	946.41	160.2302083
333	3766.163768	5275.349229	946.33	160.240625
333	3766.163379	5275.24883	946.33	160.2510417
333	3766.151661	5275.12259	946.36	160.2614583
333	3766.150537	5275.028804	946.37	160.271875
333	3766.14501	5274.904469	946.36	160.2822917
333	3766.141429	5274.785921	946.34	160.2927083
333	3766.133671	5274.665142	946.36	160.303125
333	3766.130196	5274.559235	946.36	160.3135417
333	3766.121252	5274.432512	946.34	160.3239583
333	3766.111394	5274.296618	946.38	160.334375
333	3766.096302	5274.139857	946.41	160.3447917
333	3766.105437	5274.081444	946.37	160.3552083
333	3766.09616	5273.942269	946.37	160.365625
333	3766.097958	5273.850918	946.34	160.3760417
333	3766.090707	5273.723729	946.39	160.3864583
333	3766.094705	5273.641274	946.34	160.396875
333	3766.078638	5273.261987	946.32	160.4295139
333	3766.056974	5272.943503	946.38	160.4538194
333	3766.054203	5272.893966	946.38	160.459375
333	3766.056641	5272.814929	946.39	160.4697917
333	3766.050408	5272.693989	946.38	160.4802083
333	3766.035399	5272.51841	946.34	160.4958333
333	3766.034438	5272.424661	946.37	160.50625
333	3766.023687	5272.298406	946.37	160.5114583
333	3766.019802	5272.186337	946.38	160.521875
333	3766.02952	5272.134056	946.37	160.5322917
333	3766.015126	5271.971012	946.35	160.5427083
333	3766.010288	5271.849679	946.34	160.553125
333	3766.002059	5271.72921	946.38	160.5635417
333	3766.0117	5271.673569	946.37	160.5739583
333	3766.008923	5271.564551	946.33	160.584375
333	3765.997656	5271.413375	946.33	160.5947917
333	3765.989765	5271.305263	946.37	160.6052083
333	3765.992926	5271.232657	946.39	160.615625
333	3765.983591	5271.109177	946.38	160.6260417
333	3765.975706	5270.982447	946.38	160.6364583
333	3765.966933	5270.85569	946.38	160.646875
333	3765.960118	5270.753678	946.43	160.6572917
333	3765.96126	5270.659405	946.40	160.6677083
333	3765.961145	5270.56541	946.39	160.678125
333	3765.95496	5270.281451	946.42	160.7076389
333	3765.945614	5270.23023	946.43	160.7097222
333	3765.260821	5245.368439	946.34	162.8763889
333	3765.254335	5245.220426	946.35	162.8868056
333	3765.254555	5245.114542	946.39	162.8972222
333	3765.245051	5244.935892	946.36	162.9076389
333	3765.241606	5244.806106	946.40	162.9177083
333	3765.240753	5244.681746	946.40	162.928125
333	3765.236549	5244.536442	946.40	162.9385417
333	3765.229442	5244.36059	946.38	162.9489583
333	3765.232442	5244.260453	946.37	162.959375
333	3765.223261	5244.097339	946.40	162.9697917
333	3765.227601	5243.990788	946.38	162.9802083
333	3765.218704	5243.837034	946.43	162.990625
333	3765.224491	5243.720802	946.36	163.0010417
333	3765.217362	5243.576114	946.35	163.0114583
333	3765.217695	5243.473393	946.40	163.021875
333	3765.218055	5243.342798	946.40	163.0322917
333	3765.202982	5243.152899	946.38	163.0427083
333	3765.204015	5243.050053	946.37	163.053125
333	3765.204336	5242.931793	946.36	163.0635417
333	3765.197199	5242.790268	946.38	163.0739583
333	3765.190432	5242.645542	946.40	163.084375
333	3765.185281	5242.522103	946.44	163.0947917
333	3765.187094	5242.409946	946.39	163.1052083
333	3765.182787	5242.277172	946.39	163.115625
333	3765.177614	5242.153749	946.41	163.1260417
333	3765.169252	5241.999959	946.41	163.1364583
333	3765.169647	5241.90656	946.41	163.146875
333	3765.165549	5241.767609	946.38	163.1572917
333	3765.168407	5241.676979	946.39	163.1677083
333	3765.167625	5241.543429	946.38	163.178125
333	3765.157231	5241.393081	946.37	163.1885417
333	3765.161956	5241.311382	946.38	163.1989583
333	3765.151071	5241.151964	946.38	163.209375
333	3765.144401	5241.025736	946.41	163.2197917
333	3765.144392	5240.923269	946.40	163.2302083
333	3765.140972	5240.787242	946.38	163.240625
333	3765.141767	5240.67523	946.38	163.2510417
333	3765.13467	5240.54306	946.40	163.2614583
333	3765.122185	5240.371454	946.42	163.271875
333	3765.125767	5240.274459	946.40	163.2822917
333	3765.118504	5240.135958	946.42	163.2927083
333	3765.116996	5240.00585	946.37	163.303125
333	3765.109572	5239.873764	946.45	163.3135417
333	3765.109756	5239.755749	946.42	163.3239583
333	3765.113792	5239.64303	946.43	163.334375
333	3765.097537	5239.087111	946.38	163.3767361
333	3765.095691	5238.966274	946.37	163.3864583
333	3765.092195	5238.811774	946.35	163.396875
333	3765.088513	5238.666595	946.36	163.4072917
333	3765.085793	5238.536662	946.36	163.4177083
333	3765.096432	5238.345134	946.34	163.4371528
333	3765.088854	5238.172782	946.3515974	163.4479167
333	3765.087594	5238.135804	946.35	163.45
333	3765.085806	5238.014988	946.34	163.459375
333	3765.08551	5237.884612	946.34	163.4697917
333	3765.073509	5237.697597	946.35	163.4802083
333	3765.079565	5237.600095	946.34	163.490625
333	3765.071259	5237.428027	946.34	163.5010417
333	3765.074391	5237.315676	946.32	163.5114583
333	3765.077399	5237.193966	946.30	163.521875
333	3765.077223	5237.076002	946.31	163.5322917
333	3765.066175	5236.898114	946.33	163.5427083
333	3765.070283	5236.791851	946.31	163.5534722
333	3765.06703	5236.64343	946.31	163.5635417
333	3765.059896	5236.492741	946.31	163.5739583
333	3765.049311	5236.305516	946.33	163.5864583
333	3765.032144	5236.004609	946.35	163.6052083
333	3765.039522	5235.931819	946.37	163.615625
333	3765.026305	5235.627281	946.36	163.6364583
333	3765.011111	5235.074871	946.34	163.678125
333	3765.011656	5234.953711	946.31	163.6885417
333	3765.016973	5234.856662	946.27	163.6989583
333	3765.008947	5234.706096	946.31	163.709375
333	3764.991757	5234.272102	946.31	163.740625
333	3764.985085	5234.130566	946.33	163.7510417
333	3764.985913	5233.916496	946.30	163.7701389
333	3764.986847	5233.888297	946.28	163.7722222
333	3764.98749	5233.77676	946.28	163.7822917
333	3764.985222	5233.656065	946.28	163.7927083
333	3764.973438	5233.481583	946.29	163.803125
333	3764.966234	5233.331021	946.28	163.8135417
333	3764.965818	5233.089219	946.28	163.834375
333	3764.964557	5232.844469	946.27	163.8552083
333	3764.950334	5232.549613	946.30	163.8760417
333	3764.950129	5232.422653	946.28	163.8864583
333	3764.942926	5232.265881	946.31	163.896875
333	3764.931568	5232.091371	946.32	163.9072917
333	3764.931513	5231.964288	946.30	163.9177083
333	3764.932711	5231.855495	946.29	163.928125
333	3764.935175	5231.752717	946.28	163.9385417
333	3764.925512	5231.596543	946.35	163.9489583
333	3764.921898	5231.442364	946.31	163.959375
333	3764.918974	5231.315729	946.32	163.9697917
333	3764.913019	5231.155752	946.28	163.9802083
333	3764.911032	5231.025828	946.30	163.990625
333	3764.90578	5230.766678	946.30	164.0114583
333	3764.911119	5230.672653	946.29	164.021875
333	3764.905039	5230.51886	946.28	164.0322917
333	3764.899803	5230.368039	946.27	164.0427083
333	3764.893566	5230.232911	946.30	164.053125
333	3764.89801	5230.136058	946.30	164.0635417
333	3764.888119	5229.961249	946.28	164.0739583
333	3764.879425	5229.811202	946.31	164.084375
333	3764.889093	5229.732013	946.26	164.0947917
333	3764.881551	5229.594027	946.28	164.1052083
333	3764.883712	5229.500517	946.29	164.115625
333	3764.868986	5229.205988	946.30	164.1364583
333	3764.862988	5229.073864	946.36	164.146875
333	3764.862262	5228.953364	946.30	164.1572917
333	3764.851325	5228.679686	946.30	164.178125
333	3764.844969	5228.430037	946.28	164.1989583
333	3764.851962	5228.354503	946.28	164.209375
333	3764.846463	5228.216071	946.27	164.2197917
333	3764.840933	5228.07464	946.26	164.2302083
333	3764.828348	5227.906874	946.27	164.240625
333	3764.830777	5227.801099	946.28	164.2510417
333	3764.822261	5227.657222	946.29	164.2614583
333	3764.820159	5227.539919	946.26	164.271875
333	3764.821123	5227.440555	946.28	164.2822917
333	3764.808143	5227.272771	946.32	164.2927083
333	3764.813226	5227.191378	946.28	164.3024306
333	3764.813446	5227.172727	946.29	164.3041667
333	3764.815804	5227.085597	946.30	164.3135417
333	3764.803549	5226.911454	946.28	164.3239583
333	3764.806381	5226.805747	946.27	164.334375
333	3764.80485	5226.685245	946.27	164.3447917
333	3764.792062	5226.402918	946.31	164.365625
333	3764.800027	5226.31478	946.27	164.3760417
333	3764.795093	5226.173416	946.27	164.3864583
333	3764.795314	5226.049383	946.24	164.396875
333	3764.787312	5225.896112	946.25	164.4072917
333	3764.787078	5225.772394	946.24	164.4177083
333	3764.782386	5225.627997	946.24	164.428125
333	3764.784976	5225.528388	946.26	164.4385417
333	3764.781431	5225.38056	946.23	164.4489583
333	3764.784508	5225.274745	946.22	164.459375
333	3764.779859	5225.130247	946.22	164.4697917
333	3764.773349	5224.973619	946.24	164.4802083
333	3764.762592	5224.811645	946.30	164.490625
333	3764.768855	5224.708496	946.25	164.5010417
333	3764.769815	5224.593844	946.22	164.5114583
333	3764.760554	5224.422258	946.23	164.521875
333	3764.757896	5224.289676	946.24	164.5322917
333	3764.76337	5224.192812	946.22	164.5427083
333	3764.756604	5223.652828	946.18	164.584375
333	3764.758415	5223.54429	946.18	164.5947917
333	3764.749749	5223.382101	946.18	164.6052083
333	3764.755516	5223.291223	946.19	164.615625
333	3764.752657	5223.161946	946.21	164.6260417
333	3764.746132	5223.002278	946.17	164.6364583
333	3764.739384	5222.861245	946.20	164.646875
333	3764.73765	5222.725545	946.19	164.6572917
333	3764.731663	5222.590616	946.21	164.6677083
333	3764.729216	5222.458281	946.19	164.678125
333	3764.737088	5222.370167	946.15	164.6885417
333	3764.733464	5222.234825	946.17	164.6989583
333	3764.725806	5222.090865	946.18	164.709375
333	3764.717399	5221.931687	946.18	164.7197917
333	3764.708776	5221.778673	946.23	164.7302083
333	3764.711009	5221.654649	946.15	164.740625
333	3764.718656	5221.582065	946.16	164.7510417
333	3764.70794	5221.420315	946.19	164.7614583
333	3764.522508	5214.354024	946.04	165.315625
333	3764.53259	5214.32762	946.05	165.3239583
333	3764.52617	5214.183803	946.05	165.334375
333	3764.522396	5214.051636	946.05	165.3447917
333	3764.525347	5213.952512	946.02	165.3552083
333	3764.522356	5213.835875	946.03	165.365625
333	3764.510279	5213.526382	945.99	165.3864583
333	3764.504828	5213.376205	945.97	165.396875
333	3764.50087	5213.244317	945.99	165.4072917
333	3764.501876	5213.009767	945.98	165.428125
333	3764.498991	5212.596951	945.93	165.459375
333	3764.499147	5212.470596	945.94	165.4697917
333	3764.495604	5212.329342	945.95	165.4802083
333	3764.490281	5212.163756	945.94	165.490625
333	3764.489479	5211.762991	945.93	165.521875
333	3764.486058	5211.62185	945.90	165.5322917
333	3764.485732	5211.498607	945.90	165.5423611
333	3764.486314	5211.350465	945.87	165.553125
333	3764.486345	5211.199538	945.87	165.5635417
333	3764.491325	5211.087608	945.90	165.5739583
333	3764.497362	5210.96019	945.85	165.584375
333	3764.50138	5210.811596	945.82	165.5947917
333	3764.49215	5210.631316	945.82	165.6052083
333	3764.500324	5210.40492	945.82	165.6260417
333	3764.497066	5210.24838	945.80	165.6364583
333	3764.497947	5210.094137	945.76	165.646875
333	3764.498339	5209.973929	945.78	165.6572917
333	3764.489684	5209.802793	945.81	165.6677083
333	3764.48963	5209.673352	945.81	165.678125
333	3764.486113	5209.519878	945.79	165.6885417
333	3764.487391	5209.390221	945.80	165.6989583
333	3764.4882	5209.242347	945.72	165.709375
333	3764.485925	5209.10099	945.76	165.7197917
333	3764.482182	5208.82126	945.76	165.740625
333	3764.48428	5208.719212	945.77	165.7510417
333	3764.47689	5208.54181	945.77	165.7614583
333	3764.476631	5208.283153	945.75	165.7822917
333	3764.473908	5208.132591	945.72	165.7927083
333	3764.476233	5208.021433	945.71	165.803125
333	3764.482535	5207.521464	945.66	165.8447917
333	3764.463934	5207.050237	945.68	165.8760417
333	3764.457222	5206.882098	945.66	165.8864583
333	3764.459966	5206.770907	945.64	165.896875
333	3764.458378	5206.635617	945.67	165.9072917
333	3764.448557	5206.209227	945.67	165.9385417
333	3764.450998	5206.095004	945.68	165.9489583
333	3764.444241	5205.939098	945.64	165.959375
333	3764.439341	5205.776794	945.65	165.9697917
333	3764.444325	5205.397333	945.61	166.0010417
333	3764.432004	5205.211796	945.64	166.0114583
333	3764.438573	5205.10279	945.61	166.021875
333	3764.426651	5204.929384	945.64	166.0322917
333	3764.435212	5204.817287	945.59	166.0427083
333	3764.437794	5204.721473	945.60	166.053125
333	3764.428368	5204.538363	945.63	166.0635417
333	3764.429537	5204.4028	945.58	166.0739583
333	3764.43613	5204.303232	945.57	166.084375
333	3764.427939	5204.135331	945.56	166.0947917
333	3764.426382	5204.009426	945.56	166.1052083
333	3764.427172	5203.886239	945.56	166.115625
333	3764.425384	5203.741773	945.56	166.1260417
333	3764.425096	5203.60659	945.53	166.1364583
333	3764.412335	5203.420971	945.54	166.146875
333	3764.409431	5203.144588	945.56	166.1677083
333	3764.411053	5203.039673	945.53	166.178125
333	3764.409111	5202.898694	945.54	166.1885417
333	3764.412624	5202.787275	945.49	166.1989583
333	3764.407327	5202.637444	945.52	166.209375
333	3764.405269	5202.511777	945.50	166.2197917
333	3764.396177	5202.322607	945.50	166.2302083
333	3764.39955	5202.238906	945.50	166.240625
333	3764.392517	5202.073877	945.51	166.2510417
333	3764.394844	5201.953598	945.48	166.2614583
333	3764.375187	5199.644893	945.32	166.4350694
333	3764.375523	5199.589739	945.32	166.4385417
333	3764.385589	5199.468069	945.29	166.4489583
333	3764.383813	5199.296318	945.29	166.459375
333	3764.386355	5199.062369	945.25	166.475
333	3764.38982	5198.831384	945.24	166.490625
333	3764.390688	5198.646846	945.19	166.5010417
333	3764.397833	5198.492058	945.16	166.5114583
333	3764.455548	5198.144795	945.16	166.521875
333	3764.472924	5198.059175	945.10	166.5319444
333	3764.512818	5197.877613	945.09	166.5427083
333	3764.540852	5197.740983	945.04	166.553125
333	3764.555324	5197.566726	945.04	166.5631944
333	3764.560096	5197.403208	945.03	166.5739583
333	3764.576241	5197.277905	944.97	166.584375
333	3764.579452	5197.096078	944.98	166.5947917
333	3764.586134	5196.929184	944.97	166.6052083
333	3764.605271	5196.843223	944.95	166.615625
333	3764.606773	5196.646439	944.93	166.6260417
333	3764.614811	5196.500798	944.93	166.6364583
333	3764.618292	5196.334445	944.95	166.6465278
333	3764.619796	5196.239152	944.96	166.6524306
333	3764.620695	5196.239009	944.95	166.6524306
333	3764.63517	5196.009474	944.90	166.6677083
333	3764.640037	5195.861382	944.92	166.678125
333	3764.652314	5195.736546	944.88	166.6881944
333	3764.657646	5195.566955	944.86	166.6989583
333	3764.668752	5195.445411	944.86	166.709375
333	3764.676428	5195.293808	944.82	166.7197917
333	3764.684576	5195.145232	944.82	166.7302083
333	3764.686467	5194.973122	944.79	166.740625
333	3764.687364	5194.797863	944.80	166.7510417
333	3764.697932	5194.68881	944.81	166.7614583
333	3764.702094	5194.519348	944.78	166.771875
333	3764.701129	5194.347718	944.81	166.7822917
333	3764.718513	5194.283674	944.77	166.7927083
333	3764.72433	5194.120048	944.76	166.803125
333	3764.730458	5193.97792	944.76	166.8135417
333	3764.72759	5193.791373	944.79	166.8239583
333	3764.748871	5193.723422	944.71	166.834375
333	3764.74965	5193.554761	944.70	166.8447917
333	3764.754433	5193.382167	944.68	166.8552083
333	3764.763208	5193.245842	944.68	166.865625
333	3764.772479	5193.115519	944.66	166.8760417
333	3764.779492	5192.964133	944.65	166.8864583
333	3764.785972	5192.822002	944.65	166.896875
333	3764.791656	5192.649306	944.64	166.9072917
333	3764.797855	5192.504252	944.65	166.9177083
333	3764.805527	5192.37123	944.66	166.928125
333	3764.812568	5192.229038	944.66	166.9385417
333	3764.825667	5192.122673	944.64	166.9489583
333	3764.823942	5191.905134	944.62	166.959375
333	3764.837029	5191.780569	944.57	166.9697917
333	3764.845272	5191.632147	944.59	166.9802083
333	3764.849449	5191.456658	944.58	166.9902778
333	3764.865184	5191.340755	944.56	167.0010417
333	3764.87574	5191.185926	944.53	167.0114583
333	3764.881739	5191.00709	944.54	167.021875
333	3764.896733	5190.882162	944.50	167.0322917
333	3764.899927	5190.688548	944.48	167.0427083
333	3764.914396	5190.554668	944.50	167.053125
333	3764.928861	5190.417486	944.48	167.0635417
333	3764.94125	5190.259225	944.45	167.0739583
333	3764.950644	5190.101435	944.43	167.084375
333	3764.964012	5189.94602	944.40	167.0947917
333	3764.979813	5189.818152	944.42	167.1052083
333	3764.988012	5189.651304	944.40	167.115625
333	3765.001222	5189.487004	944.36	167.1260417
333	3765.006107	5189.311637	944.38	167.1364583
333	3765.015976	5189.162979	944.39	167.1465278
333	3765.03354	5189.010174	944.36	167.1572917
333	3765.042384	5188.84636	944.35	167.1677083
333	3765.054276	5188.685176	944.30	167.178125
333	3765.06853	5188.542168	944.30	167.1885417
333	3765.08144	5188.396285	944.27	167.1989583
333	3765.095781	5188.26541	944.28	167.209375
333	3765.101944	5188.080544	944.26	167.2197917
333	3765.117178	5187.965095	944.24	167.2302083
333	3765.123521	5187.789482	944.25	167.240625
333	3765.130495	5187.610804	944.24	167.2510417
333	3765.148317	5187.50711	944.20	167.2614583
333	3765.156337	5187.352655	944.19	167.271875
333	3765.16849	5187.213123	944.17	167.2822917
333	3765.179126	5187.05531	944.16	167.2927083
333	3765.183878	5186.883185	944.16	167.303125
333	3765.201647	5186.785483	944.17	167.3131944
333	3765.215269	5186.645759	944.14	167.3239583
333	3765.228566	5186.511933	944.11	167.334375
333	3765.238289	5186.296218	944.11	167.3482639
333	3765.249391	5186.221147	944.10	167.3545139
333	3765.254873	5186.042677	944.09	167.3649306
333	3765.268868	5185.927288	944.08	167.3753472
333	3765.269643	5185.728276	944.07	167.3857639
333	3765.28345	5185.609953	944.06	167.3961806
333	3765.289907	5185.458915	944.07	167.4065972
333	3765.303031	5185.316138	944.00	167.4170139
333	3765.31673	5185.210189	944.02	167.4274306
333	3765.322838	5184.949058	943.96	167.4378472
333	3765.333095	5184.818964	943.97	167.4482639
333	3765.341193	5184.677082	943.94	167.4586806
333	3765.355713	5184.543278	943.90	167.4690972
333	3765.368061	5184.186437	943.89	167.4899306
333	3765.385354	5184.061716	943.85	167.5003472
333	3765.394603	5183.901196	943.84	167.5107639
333	3765.400984	5183.710606	943.83	167.5211806
333	3765.41562	5183.561416	943.79	167.5319444
333	3765.432747	5183.415278	943.75	167.5420139
333	3765.44931	5183.278152	943.74	167.5524306
333	3765.464418	5183.101612	943.71	167.5628472
333	3765.472849	5182.892382	943.70	167.5732639
333	3765.489371	5182.730849	943.67	167.5836806
333	3765.508153	5182.593651	943.65	167.5940972
333	3765.521337	5182.399056	943.62	167.6048611
333	3765.541896	5182.25523	943.57	167.6149306
333	3765.555533	5182.051456	943.57	167.6253472
333	3765.580014	5181.891885	943.54	167.6357639
333	3765.600416	5181.70255	943.48	167.6461806
333	3765.616482	5181.516619	943.48	167.6565972
333	3765.634064	5181.318482	943.44	167.6670139
333	3765.657294	5181.171249	943.43	167.6774306
333	3765.677945	5180.997116	943.38	167.6881944
333	3765.692192	5180.817773	943.38	167.6982639
333	3765.711175	5180.646989	943.39	167.7086806
333	3765.719751	5180.425702	943.36	167.7190972
333	3765.742527	5180.278701	943.32	167.7295139
333	3765.754765	5180.102778	943.31	167.7402778
333	3765.767491	5179.932953	943.31	167.7506944
333	3765.794227	5179.815873	943.22	167.7607639
333	3765.80778	5179.410585	943.23	167.7815972
333	3765.827098	5179.285593	943.20	167.7920139
333	3765.838962	5179.106706	943.16	167.8024306
333	3765.844492	5178.980761	943.19	167.8100694
333	3765.849208	5178.937301	943.14	167.8128472
333	3765.859291	5178.847209	943.16	167.8197917
333	3765.867748	5178.738994	943.11	167.8267361
333	3765.87945	5178.658021	943.09	167.8336806
333	3765.88402	5178.605352	943.10	167.8371528
333	3765.884817	5178.544103	943.11	167.840625
333	3765.896251	5178.444815	943.06	167.8475694
333	3765.898494	5178.294744	943.07	167.8545139
333	3765.907955	5178.211031	943.05	167.8614583
333	3765.912789	5178.112707	943.03	167.86875
333	3765.911991	5178.036197	943.07	167.8753472
333	3765.901422	5177.866883	943.08	167.8892361
333	3765.895307	5177.791471	943.04	167.8961806
333	3765.900373	5177.693014	943.05	167.903125
333	3765.906118	5177.591275	943.02	167.9100694
333	3765.910792	5177.520471	943.04	167.9170139
333	3765.91404	5177.431296	943.06	167.9239583
333	3765.905727	5177.2586	943.04	167.9309028
333	3765.915945	5177.211297	943.04	167.9378472
333	3765.921362	5177.042684	943.03	167.9517361
333	3765.923923	5176.966039	943.04	167.9586806
