444	4029.035506	5456.159679	957.36	159.5336806
444	4029.042654	5456.17649	957.36	159.534375
444	4029.009619	5456.059823	957.31	159.5427083
444	4028.995082	5455.974809	957.32	159.553125
444	4028.961077	5455.786736	957.25	159.5739583
444	4028.924305	5455.608768	957.27	159.5947917
444	4028.903949	5455.511925	957.27	159.6048611
444	4028.880325	5455.411141	957.26	159.6152778
444	4028.876968	5455.398345	957.26	159.6159722
444	4028.871269	5455.32617	957.22	159.6260417
444	4028.843416	5455.2158	957.21	159.6364583
444	4028.828306	5455.122512	957.20	159.646875
444	4028.636557	5454.302302	957.19	159.7305556
444	4028.539553	5453.842641	957.17	159.775
444	4028.441394	5453.438032	957.20	159.8135417
444	4028.418532	5453.319744	957.16	159.8239583
444	4028.407875	5453.247181	957.15	159.8326389
444	4028.388106	5453.141811	957.13	159.8447917
444	4028.362656	5453.033211	957.15	159.8552083
444	4028.33298	5452.90646	957.16	159.865625
444	4028.310629	5452.79942	957.10	159.8760417
444	4028.255928	5452.578457	957.18	159.896875
444	4028.233655	5452.468302	957.14	159.9072917
444	4028.209165	5452.362176	957.14	159.9180556
444	4028.181268	5452.2433	957.14	159.9277778
444	4028.177212	5452.170802	957.13	159.9381944
444	4028.134568	5452.035895	957.11	159.9489583
444	4028.122551	5451.961228	957.11	159.9590278
444	4028.101416	5451.842119	957.09	159.9697917
444	4028.089189	5451.761884	957.07	159.9798611
444	4028.090259	5451.761387	957.08	159.9802083
444	4028.063085	5451.659328	957.08	159.990625
444	4028.048053	5451.554623	957.05	160.0010417
444	4028.023505	5451.44857	957.04	160.0114583
444	4028.016698	5451.388726	957.08	160.021875
444	4027.985921	5451.271242	957.06	160.0322917
444	4027.953595	5451.14314	957.08	160.0427083
444	4027.946503	5451.074779	957.06	160.053125
444	4027.914667	5450.955017	957.05	160.0635417
444	4027.863908	5450.803835	957.12	160.0736111
444	4027.867487	5450.744763	957.08	160.084375
444	4027.840465	5450.634225	957.08	160.0947917
444	4027.818568	5450.495554	957.06	160.115625
444	4027.782006	5450.363583	957.05	160.1256944
444	4027.781911	5450.303655	957.02	160.1368056
444	4027.736517	5450.155796	957.03	160.146875
444	4027.730296	5450.089851	957.00	160.1572917
444	4027.678732	5449.864917	957.00	160.1777778
444	4027.650461	5449.754897	957.05	160.1885417
444	4027.635391	5449.670295	957.06	160.1986111
444	4027.617452	5449.569927	957.05	160.209375
444	4027.594542	5449.465888	956.99	160.2197917
444	4027.561412	5449.278221	956.96	160.240625
444	4027.55248	5449.193688	956.94	160.2510417
444	4027.518768	5449.071902	956.92	160.2614583
444	4027.492406	5448.958259	956.98	160.271875
444	4027.47553	5448.863201	956.96	160.2822917
444	4027.452659	5448.747958	956.95	160.2927083
444	4027.416733	5448.615687	956.98	160.303125
444	4027.398602	5448.509695	956.94	160.3135417
444	4027.381952	5448.420215	956.92	160.3239583
444	4027.332769	5448.274312	957.00	160.3340278
444	4027.297557	5448.067545	956.94	160.3552083
444	4027.086899	5447.038638	956.87	160.4538194
444	4027.076062	5446.9265	956.87	160.4697917
444	4026.952159	5446.372325	956.85	160.5215278
444	4026.908422	5446.161136	956.84	160.5427083
444	4026.853353	5445.992256	956.90	160.5527778
444	4026.744879	5445.377004	956.81	160.6260417
444	4026.646343	5444.945522	956.81	160.6673611
444	4026.549501	5444.470742	956.78	160.7190972
444	4026.542336	5444.439931	956.79	160.7211806
444	4026.507577	5444.313212	956.75	160.7302083
444	4026.503555	5444.249353	956.73	160.740625
444	4026.473894	5444.128939	956.76	160.7506944
444	4026.471919	5444.124092	956.75	160.7510417
444	4026.447204	5444.021339	956.76	160.7614583
444	4026.425272	5443.911575	956.76	160.771875
444	4026.402756	5443.805058	956.75	160.7822917
444	4026.400243	5443.740428	956.74	160.7923611
444	4026.35449	5443.524874	956.75	160.8135417
444	4026.341474	5443.436723	956.74	160.8239583
444	4026.304671	5443.296831	956.75	160.834375
444	4026.290775	5443.217604	956.72	160.8447917
444	4026.268196	5443.099663	956.71	160.8555556
444	4026.245345	5442.99898	956.68	160.865625
444	4026.155448	5442.564129	956.64	160.9072917
444	4026.156047	5442.521203	956.69	160.9180556
444	4026.125763	5442.380965	956.65	160.928125
444	4026.10333	5442.26034	956.63	160.9388889
444	4026.073082	5442.140092	956.66	160.9489583
444	4026.06835	5442.074074	956.66	160.959375
444	4026.041175	5441.961051	956.64	160.9697917
444	4026.011882	5441.843357	956.67	160.9802083
444	4025.985285	5441.730185	956.66	160.9909722
444	4025.971261	5441.642572	956.65	161.0006944
444	4025.942052	5441.530594	956.70	161.0111111
444	4025.903178	5441.383143	956.68	161.0215278
444	4025.911788	5441.342357	956.65	161.0326389
444	4025.884455	5441.229441	956.64	161.0427083
444	4025.863489	5441.125017	956.64	161.053125
444	4025.834612	5441.013015	956.67	161.0635417
444	4025.812316	5440.912174	956.62	161.0736111
444	4025.792489	5440.812883	956.62	161.084375
444	4025.778025	5440.719876	956.57	161.0944444
444	4025.746103	5440.603534	956.63	161.1055556
444	4025.729474	5440.500149	956.59	161.115625
444	4025.700376	5440.339741	956.65	161.1368056
444	4025.66457	5440.213603	956.64	161.1465278
444	4025.65629	5440.135029	956.63	161.1569444
444	4025.628486	5440.013785	956.61	161.1677083
444	4025.623953	5439.950521	956.58	161.1777778
444	4025.594461	5439.838647	956.58	161.1885417
444	4025.556289	5439.702444	956.63	161.1986111
444	4025.541386	5439.604057	956.57	161.209375
444	4025.529283	5439.52969	956.58	161.2197917
444	4025.467618	5439.210804	956.55	161.2510417
444	4025.435194	5439.100386	956.60	161.2614583
444	4025.42043	5439.001865	956.57	161.2715278
444	4025.42767	5439.009959	956.57	161.2722222
444	4025.401865	5438.904957	956.57	161.2822917
444	4025.385193	5438.801781	956.52	161.2930556
444	4025.371822	5438.716866	956.55	161.303125
444	4025.343304	5438.596325	956.53	161.3135417
444	4025.322867	5438.488927	956.54	161.3243056
444	4025.293114	5438.368748	956.58	161.334375
444	4025.265042	5438.247922	956.53	161.3444444
444	4025.272594	5438.196263	956.51	161.3552083
444	4025.246056	5438.069032	956.48	161.365625
444	4025.213469	5437.947184	956.50	161.3760417
444	4025.183854	5437.815726	956.48	161.3864583
444	4025.155955	5437.706197	956.56	161.396875
444	4025.050904	5437.162798	956.47	161.4489583
444	4025.033796	5437.059804	956.46	161.4590278
444	4025.018625	5436.970047	956.47	161.4694444
444	4024.92654	5436.585692	956.45	161.5010417
444	4024.927207	5436.520019	956.41	161.5111111
444	4024.892245	5436.385317	956.45	161.5222222
444	4024.817682	5436.049893	956.49	161.5527778
444	4024.556025	5434.726445	956.39	161.6854167
444	4024.551018	5434.623792	956.33	161.7
444	4024.513048	5434.484719	956.29	161.709375
444	4024.508046	5434.421863	956.34	161.7197917
444	4024.478619	5434.307457	956.35	161.7298611
444	4024.46251	5434.206915	956.30	161.7402778
444	4024.435567	5434.091414	956.36	161.7510417
444	4024.401014	5433.95085	956.32	161.7611111
444	4024.394364	5433.883136	956.35	161.7715278
444	4024.382346	5433.789362	956.31	161.7822917
444	4024.324632	5433.483642	956.29	161.8135417
444	4024.268414	5433.293406	956.25	161.8243056
444	4024.262661	5433.227867	956.31	161.834375
444	4024.236637	5433.114961	956.30	161.8444444
444	4024.210132	5432.982297	956.30	161.8555556
444	4024.202997	5432.90342	956.28	161.865625
444	4024.156869	5432.674716	956.26	161.8864583
444	4024.121794	5432.537523	956.27	161.896875
444	4024.109174	5432.44673	956.25	161.9072917
444	4024.095655	5432.367953	956.28	161.9177083
444	4024.067125	5432.236131	956.28	161.928125
444	4024.050722	5432.130321	956.23	161.9388889
444	4024.028194	5432.01857	956.22	161.9493056
444	4024.013841	5431.923067	956.21	161.9590278
444	4023.974187	5431.78499	956.25	161.9697917
444	4023.935784	5431.578544	956.20	161.9909722
444	4023.923897	5431.487572	956.19	162.0006944
444	4023.928707	5431.485548	956.18	162.0013889
444	4023.895426	5431.35323	956.22	162.0118056
444	4023.874643	5431.246347	956.19	162.021875
444	4023.842056	5431.125034	956.21	162.0319444
444	4023.829966	5431.028574	956.18	162.0430556
444	4023.803324	5430.927245	956.21	162.0527778
444	4023.332354	5428.357155	956.07	162.3131944
444	4023.316411	5428.254191	956.05	162.3243056
444	4023.176342	5427.536514	956.03	162.3868056
444	4023.1434	5427.322504	956.02	162.4076389
444	4023.102932	5427.176597	956.11	162.4177083
444	4023.082216	5427.067149	956.09	162.4277778
444	4023.071093	5426.967728	956.06	162.4385417
444	4023.03944	5426.829158	956.06	162.4493056
444	4023.040065	5426.758527	956.02	162.4590278
444	4022.873959	5425.959742	956.00	162.521875
444	4022.267256	5422.683621	955.85	162.8138889
444	4022.029	5421.45921	955.88	162.9173611
444	4021.888243	5420.713174	955.80	162.9798611
444	4021.87097	5420.597004	955.79	162.9902778
444	4021.84519	5420.481666	955.79	163.0006944
444	4021.830835	5420.372649	955.77	163.0111111
444	4021.756062	5419.97776	955.72	163.0423611
444	4021.739431	5419.878239	955.72	163.0527778
444	4021.714528	5419.751238	955.72	163.0631944
444	4021.694591	5419.653248	955.74	163.0736111
444	4021.665065	5419.511463	955.72	163.0840278
444	4021.630891	5419.377238	955.77	163.0944444
444	4021.625902	5419.309238	955.72	163.1048611
444	4021.552845	5418.950377	955.74	163.1361111
444	4021.529363	5418.834033	955.73	163.1465278
444	4021.519726	5418.734502	955.70	163.1569444
444	4021.470293	5418.497445	955.70	163.1777778
444	4021.421372	5418.260192	955.69	163.1986111
444	4021.407031	5418.159671	955.66	163.2090278
444	4021.370669	5418.029379	955.74	163.2194444
444	4021.338345	5417.827192	955.69	163.2402778
444	4021.288158	5417.593374	955.72	163.2611111
444	4021.250949	5417.446611	955.73	163.2715278
444	4021.170267	5416.990356	955.69	163.3131944
444	4021.033133	5416.266753	955.64	163.3763889
444	4021.002242	5416.058575	955.61	163.3965278
444	4020.878817	5415.416266	955.55	163.4496528
444	4020.81904	5415.07203	955.57	163.4798611
444	4020.753349	5414.775002	955.54	163.5006944
444	4020.7363	5414.672973	955.54	163.5111111
444	4020.721154	5414.56188	955.52	163.5215278
444	4020.666688	5414.302181	955.56	163.5423611
444	4020.65892	5414.204712	955.51	163.5527778
444	4020.643293	5414.104931	955.54	163.5631944
444	4020.572814	5413.776603	955.48	163.5868056
444	4020.453104	5413.180892	955.49	163.6368056
444	4020.385148	5412.89904	955.53	163.6576389
444	4020.389933	5412.827158	955.45	163.6677083
444	4020.341739	5412.590269	955.47	163.6888889
444	4020.137978	5411.577343	955.42	163.7725694
444	4020.077505	5411.228456	955.32	163.8034722
444	4020.041397	5411.008981	955.33	163.8243056
444	4020.018696	5410.892703	955.35	163.8347222
444	4019.969701	5410.639552	955.34	163.8555556
444	4019.848227	5410.009182	955.33	163.9072917
444	4019.82258	5409.883131	955.33	163.9177083
444	4019.758127	5409.541597	955.37	163.9489583
444	4019.727853	5409.38686	955.34	163.959375
444	4019.676251	5409.120895	955.32	163.9802083
444	4019.657331	5409.003232	955.35	163.990625
444	4019.643689	5408.916821	955.29	164.0010417
444	4019.60657	5408.67289	955.28	164.021875
444	4019.589529	5408.557281	955.28	164.0322917
444	4019.565833	5408.430395	955.27	164.0427083
444	4019.524801	5408.294169	955.35	164.053125
444	4019.52458	5408.207719	955.24	164.0638889
444	4019.479273	5408.034232	955.29	164.0739583
444	4019.459608	5407.936512	955.27	164.084375
444	4019.456232	5407.840351	955.24	164.0947917
444	4019.408939	5407.684374	955.32	164.1052083
444	4019.380884	5407.47294	955.28	164.1260417
444	4019.358686	5407.353919	955.24	164.1364583
444	4019.336024	5407.229477	955.26	164.146875
444	4019.313976	5407.130071	955.26	164.1572917
444	4019.282219	5406.906386	955.23	164.178125
444	4019.221072	5406.58057	955.21	164.209375
444	4019.200352	5406.463891	955.20	164.2197917
444	4019.140106	5406.190808	955.18	164.240625
444	4019.127704	5406.098478	955.19	164.2510417
444	4019.103393	5405.985916	955.18	164.2614583
444	4019.077428	5405.868629	955.21	164.271875
444	4019.021702	5405.540713	955.19	164.3024306
444	4019.002413	5405.423394	955.17	164.3138889
444	4018.977642	5405.300028	955.14	164.3239583
444	4018.958028	5405.174638	955.15	164.334375
444	4018.93492	5405.061521	955.14	164.3447917
444	4018.886431	5404.811592	955.11	164.365625
444	4018.872888	5404.716988	955.16	164.3760417
444	4018.853066	5404.591718	955.12	164.3864583
444	4018.809647	5404.350768	955.10	164.4072917
444	4018.802273	5404.256347	955.08	164.4177083
444	4018.774083	5404.13445	955.09	164.428125
444	4018.739209	5403.984666	955.13	164.4385417
444	4018.729592	5403.896794	955.09	164.4489583
444	4018.688233	5403.649463	955.05	164.4697917
444	4018.65053	5403.50097	955.10	164.4802083
444	4018.61867	5403.277706	955.07	164.5010417
444	4018.594928	5403.15683	955.07	164.5114583
444	4018.525771	5402.776577	955.03	164.5430556
444	4018.486266	5402.545317	955.04	164.5638889
444	4018.422677	5402.176789	955.02	164.5951389
444	4018.354412	5401.726822	954.96	164.6368056
444	4018.326578	5401.5992	954.98	164.6472222
444	4018.297184	5401.469721	955.05	164.6576389
444	4018.280006	5401.360052	955.03	164.6680556
444	4018.172795	5400.765019	954.96	164.7201389
444	4018.149104	5400.638752	955.00	164.7305556
444	4018.120852	5400.503159	954.96	164.7409722
444	4018.040581	5400.03894	954.96	164.7826389
444	4017.925239	5399.358858	954.93	164.8451389
444	4017.888031	5399.202109	954.90	164.8555556
444	4017.865389	5399.080791	954.89	164.8659722
444	4017.813811	5398.746777	954.92	164.8972222
444	4017.767052	5398.488422	954.87	164.9180556
444	4017.752497	5398.40289	954.85	164.9284722
444	4017.669174	5397.923766	954.83	164.9701389
444	4017.550902	5397.212278	954.79	165.0326389
444	4017.470668	5396.815127	954.82	165.0638889
444	4017.42532	5396.562097	954.81	165.0847222
444	4017.422295	5396.480159	954.76	165.0951389
444	4017.334531	5395.992159	954.73	165.1368056
444	4017.32238	5395.900269	954.69	165.1472222
444	4017.291054	5395.766173	954.74	165.1576389
444	4017.268114	5395.650731	954.76	165.1680556
444	4017.244864	5395.518977	954.72	165.178125
444	4017.177291	5395.094986	954.66	165.2197917
444	4016.998393	5394.14321	954.67	165.3038194
444	4016.953736	5393.95082	954.63	165.315625
444	4016.970552	5393.955133	954.66	165.3239583
444	4016.874714	5393.454257	954.66	165.365625
444	4016.804046	5393.065219	954.56	165.3972222
444	4016.801708	5392.985848	954.58	165.4072917
444	4016.768266	5392.852742	954.60	165.4177083
444	4016.759954	5392.759351	954.60	165.428125
444	4016.711758	5392.499533	954.57	165.4493056
444	4016.686037	5392.377095	954.61	165.459375
444	4016.602919	5391.885391	954.59	165.5010417
444	4016.501817	5391.270913	954.54	165.553125
444	4016.475571	5391.135026	954.56	165.5638889
444	4016.471071	5391.040298	954.50	165.5743056
444	4016.456262	5390.93566	954.48	165.5847222
444	4016.423201	5390.774872	954.47	165.5947917
444	4016.319263	5390.076481	954.40	165.6572917
444	4016.25688	5389.794864	954.45	165.678125
444	4016.232756	5389.660999	954.40	165.6885417
444	4016.22302	5389.562858	954.40	165.6989583
444	4016.186719	5389.40622	954.41	165.709375
444	4016.133148	5389.068762	954.36	165.7409722
444	4016.076833	5388.79051	954.39	165.7618056
444	4016.023791	5388.524592	954.46	165.7822917
444	4015.977625	5388.187314	954.33	165.8138889
444	4015.962245	5388.080255	954.33	165.8243056
444	4015.93009	5387.85321	954.28	165.8451389
444	4015.854671	5387.455641	954.28	165.8763889
444	4015.807575	5387.209741	954.32	165.8972222
444	4015.759641	5386.953087	954.29	165.9180556
444	4015.726992	5386.731801	954.26	165.9385417
444	4015.712274	5386.619296	954.28	165.9489583
444	4015.666974	5386.375351	954.30	165.9697917
444	4015.588831	5385.874621	954.19	166.0114583
444	4015.567265	5385.756321	954.19	166.021875
444	4015.538744	5385.602402	954.19	166.0322917
444	4015.497799	5385.453357	954.25	166.0427083
444	4015.501224	5385.369582	954.23	166.053125
444	4015.460076	5385.129584	954.18	166.0739583
444	4015.437992	5385.0034	954.16	166.084375
444	4015.40014	5384.767895	954.17	166.1052083
444	4015.385672	5384.663514	954.15	166.115625
444	4015.362203	5384.53225	954.17	166.1260417
444	4015.346958	5384.414517	954.11	166.1364583
444	4015.279762	5384.124481	954.15	166.1572917
444	4015.236	5383.877309	954.14	166.178125
444	4015.223928	5383.763917	954.13	166.1885417
444	4015.216012	5383.670688	954.09	166.1989583
444	4015.168213	5383.414546	954.09	166.2197917
444	4015.128923	5383.185103	954.06	166.240625
444	4015.092459	5383.034332	954.12	166.2510417
444	4015.083789	5382.941429	954.08	166.2614583
444	4015.048705	5382.718805	954.02	166.2822917
444	4015.027264	5382.600705	954.03	166.2927083
444	4015.012408	5382.488363	953.99	166.303125
444	4014.988361	5382.354768	954.02	166.3135417
444	4014.967068	5382.236628	954.03	166.3243056
444	4014.933486	5382.062835	954.02	166.3371528
444	4014.920373	5381.988312	953.98	166.3447917
444	4014.895209	5381.857945	954.03	166.3552083
444	4014.868302	5381.662409	954.00	166.3760417
444	4014.841319	5381.516253	953.98	166.3864583
444	4014.823069	5381.399841	953.95	166.396875
444	4014.80168	5381.281784	953.97	166.4072917
444	4014.791028	5381.189725	953.96	166.4177083
444	4014.77206	5381.065404	953.94	166.428125
444	4014.743794	5380.952691	953.96	166.4350694
444	4014.729859	5380.892256	953.97	166.4385417
444	4014.722794	5380.796159	953.93	166.4489583
444	4014.659546	5380.4693	953.92	166.475
444	4014.58132	5380.005413	953.92	166.5118056
444	4014.551546	5379.767188	953.88	166.5326389
444	4014.514587	5379.509833	953.84	166.553125
444	4014.477393	5379.334949	953.85	166.5638889
444	4014.464642	5379.213665	953.84	166.5743056
444	4014.451512	5379.095299	953.81	166.584375
444	4014.408942	5378.818164	953.75	166.6052083
444	4014.363754	5378.547694	953.75	166.6263889
444	4014.348236	5378.430282	953.72	166.6364583
444	4014.316817	5378.277826	953.78	166.646875
444	4014.250419	5377.864784	953.75	166.678125
444	4014.225814	5377.7207	953.75	166.6885417
444	4014.214091	5377.612827	953.69	166.6989583
444	4014.206286	5377.519833	953.69	166.709375
444	4014.174615	5377.367626	953.73	166.7197917
444	4014.149167	5377.221331	953.67	166.7302083
444	4014.140907	5377.120343	953.65	166.740625
444	4014.105595	5376.972115	953.68	166.7510417
444	4014.094092	5376.853348	953.67	166.7614583
444	4014.076194	5376.728651	953.62	166.771875
444	4014.012467	5376.358628	953.67	166.803125
444	4013.98521	5376.221165	953.69	166.8135417
444	4013.966868	5376.006387	953.58	166.834375
444	4013.928807	5375.848522	953.67	166.8447917
444	4013.90795	5375.719487	953.60	166.8555556
444	4013.896428	5375.606316	953.57	166.865625
444	4013.877913	5375.490099	953.56	166.8760417
444	4013.856989	5375.363967	953.56	166.8864583
444	4013.839933	5375.252822	953.56	166.896875
444	4013.818	5375.115954	953.54	166.9072917
444	4013.761652	5374.762673	953.57	166.9385417
444	4013.742685	5374.641251	953.50	166.9489583
444	4013.715192	5374.484766	953.51	166.9597222
444	4013.67608	5374.237087	953.51	166.9805556
444	4013.660463	5374.125449	953.48	166.9909722
444	4013.633116	5373.974453	953.48	167.0010417
444	4013.608307	5373.8417	953.49	167.0114583
444	4013.594572	5373.726611	953.48	167.0222222
444	4013.574344	5373.591939	953.46	167.0326389
444	4013.549543	5373.464715	953.46	167.0427083
444	4013.518664	5373.304171	953.50	167.053125
444	4013.49081	5373.071345	953.43	167.0739583
444	4013.474987	5372.951674	953.41	167.084375
444	4013.447183	5372.798067	953.43	167.0947917
444	4013.43629	5372.701241	953.41	167.1052083
444	4013.425741	5372.593075	953.41	167.115625
444	4013.395871	5372.435058	953.38	167.1260417
444	4013.33662	5372.052973	953.35	167.1572917
444	4013.31948	5371.922739	953.34	167.1677083
444	4013.285793	5371.768856	953.34	167.178125
444	4013.25157	5371.527873	953.33	167.1989583
444	4013.238679	5371.412488	953.33	167.209375
444	4013.216046	5371.284456	953.31	167.2197917
444	4013.193436	5371.148263	953.30	167.2302083
444	4013.158942	5370.910002	953.30	167.2510417
444	4013.144863	5370.798044	953.29	167.2618056
444	4013.113782	5370.651303	953.30	167.271875
444	4013.097641	5370.537281	953.30	167.2826389
444	4013.072364	5370.396628	953.28	167.2927083
444	4013.049599	5370.263292	953.26	167.303125
444	4013.016548	5370.03008	953.26	167.3239583
444	4012.997688	5369.906106	953.26	167.334375
444	4012.968936	5369.734081	953.21	167.3482639
444	4012.970982	5369.700509	953.24	167.3552083
444	4012.94169	5369.556102	953.23	167.365625
444	4012.924138	5369.437064	953.22	167.3760417
444	4012.876017	5369.163223	953.20	167.396875
444	4012.830609	5368.899294	953.18	167.4177083
444	4012.818786	5368.797389	953.18	167.428125
444	4012.789358	5368.650233	953.20	167.4385417
444	4012.752864	5368.407568	953.16	167.459375
444	4012.723791	5368.268445	953.22	167.4697917
444	4012.713987	5368.15767	953.15	167.4802083
444	4012.690203	5368.021888	953.17	167.490625
444	4012.666482	5367.886384	953.17	167.5010417
444	4012.655056	5367.765243	953.12	167.5114583
444	4012.627384	5367.614742	953.12	167.521875
444	4012.604242	5367.470705	953.07	167.5322917
444	4012.577998	5367.240824	953.07	167.553125
444	4012.54917	5367.087939	953.08	167.5635417
444	4012.533191	5366.963142	953.05	167.5739583
444	4012.500114	5366.705748	952.98	167.5947917
444	4012.462532	5366.529081	953.05	167.6052083
444	4012.45341	5366.42079	953.01	167.615625
444	4012.417138	5366.246303	953.00	167.6260417
444	4012.408055	5366.135267	953.00	167.6364583
444	4012.358652	5365.837749	953.00	167.6572917
444	4012.347506	5365.713974	952.93	167.6677083
444	4012.320354	5365.481671	952.93	167.6885417
444	4012.22586	5364.996821	952.93	167.7197917
444	4012.193909	5364.742068	952.88	167.740625
444	4012.177735	5364.620114	952.87	167.7510417
444	4012.168158	5364.514733	952.88	167.7614583
444	4012.136782	5364.349529	952.84	167.771875
444	4012.113449	5364.205753	952.85	167.7822917
444	4012.106929	5364.112974	952.85	167.7927083
444	4012.078782	5363.957474	952.85	167.803125
444	4012.013619	5363.529941	952.82	167.8371528
444	4012.00481	5363.484237	952.83	167.840625
444	4011.992054	5363.38566	952.77	167.8482639
444	4011.980066	5363.313916	952.78	167.8552083
444	4011.96183	5363.206497	952.77	167.8621528
444	4011.946241	5363.108874	952.74	167.8690972
444	4011.884096	5362.694078	952.75	167.9038194
444	4011.860343	5362.577652	952.74	167.9107639
444	4011.845637	5362.496264	952.79	167.9177083
444	4011.847402	5362.438383	952.73	167.9246528
444	4011.819424	5362.315593	952.74	167.9315972
444	4011.806157	5362.228012	952.73	167.9385417
444	4011.78559	5362.067105	952.72	167.9524306
444	4011.776785	5361.991494	952.72	167.959375
444	4011.758107	5361.884291	952.66	167.9663194
444	4011.748362	5361.814409	952.72	167.9732639
444	4011.729157	5361.704668	952.70	167.9802083
444	4011.705722	5361.533895	952.69	167.9940972
444	4011.681724	5361.434132	952.74	168.0010417
444	4011.664085	5361.277586	952.68	168.0149306
444	4011.646496	5361.169819	952.68	168.021875
444	4011.639912	5361.090884	952.65	168.0288194
444	4011.617518	5360.979601	952.67	168.0357639
444	4011.619185	5360.913789	952.64	168.0427083
444	4011.577843	5360.70621	952.64	168.0565972
444	4011.562209	5360.608896	952.62	168.0635417
444	4011.548568	5360.510565	952.63	168.0704861
444	4011.522336	5360.384481	952.61	168.0774306
444	4011.528423	5360.346886	952.61	168.084375
444	4011.510137	5360.250455	952.65	168.0913194
444	4011.490203	5360.130101	952.60	168.0982639
444	4011.480262	5360.049593	952.60	168.1052083
444	4011.47565	5359.988837	952.59	168.1121528
444	4011.458537	5359.881147	952.55	168.1190972
444	4011.44761	5359.790065	952.56	168.1260417
444	4011.416093	5359.595212	952.53	168.1399306
444	4011.407719	5359.50331	952.51	168.146875
444	4011.381784	5359.328329	952.55	168.1607639
444	4011.364263	5359.234293	952.56	168.1677083
444	4011.32681	5359.028162	952.60	168.1815972
444	4011.293447	5358.752796	952.52	168.2024306
444	4011.27327	5358.65164	952.54	168.209375
444	4011.264085	5358.562708	952.52	168.2163194
444	4011.248362	5358.489817	952.50	168.2232639
444	4011.188696	5358.058498	952.42	168.2579861
444	4011.180214	5357.896235	952.40	168.271875
444	4011.16388	5357.796453	952.39	168.2788194
444	4011.126142	5357.533649	952.38	168.2996528
444	4011.106225	5357.440445	952.42	168.3065972
444	4011.082075	5357.340871	952.43	168.3135417
444	4011.015142	5356.836588	952.40	168.3552083
444	4010.998264	5356.718024	952.41	168.3649306
444	4010.987423	5356.60548	952.35	168.3753472
444	4010.935955	5356.317911	952.36	168.3961806
444	4010.825161	5355.656291	952.34	168.4482639
444	4010.800287	5355.508196	952.33	168.4586806
444	4010.791831	5355.402847	952.30	168.4690972
444	4010.730106	5355.000096	952.29	168.5003472
444	4010.67608	5354.705524	952.25	168.5211806
444	4010.355041	5352.631845	952.18	168.6774306
444	4010.283445	5352.181655	952.14	168.7086806
444	4010.003745	5350.573338	952.08	168.8232639
444	4009.879539	5349.788284	952.07	168.8857639
444	4009.854484	5349.643193	952.06	168.8961806
444	4009.838592	5349.524707	951.98	168.9065972
444	4009.81715	5349.383894	952.01	168.9170139
444	4009.796685	5349.256152	952.00	168.9274306
444	4009.778207	5349.133058	952.02	168.9378472
444	4009.714837	5348.734456	951.98	168.9690972
444	4009.667663	5348.470552	952.01	168.9899306
444	4009.609121	5348.156578	952.01	169.0107639
444	4009.595665	5348.039828	951.97	169.0211806
444	4009.58614	5347.946173	951.94	169.0315972
444	4009.562155	5347.8008	951.99	169.0420139
444	4009.534138	5347.648793	951.96	169.0524306
444	4009.50851	5347.501489	951.96	169.0628472
444	4009.48073	5347.354752	951.96	169.0732639
444	4009.429651	5347.060019	951.94	169.0940972
444	4009.422595	5346.954667	951.92	169.1045139
444	4009.394266	5346.791943	951.89	169.1149306
444	4009.369342	5346.655207	951.92	169.1253472
444	4009.348141	5346.511643	951.88	169.1357639
444	4009.329444	5346.383415	951.85	169.1461806
444	4009.314506	5346.261931	951.86	169.1565972
444	4009.287177	5346.099092	951.83	169.1670139
444	4009.217077	5345.759723	951.91	169.1878472
444	4009.187298	5345.525029	951.83	169.2086806
444	4009.154573	5345.339868	951.96	169.2190972
444	4009.139037	5345.234738	951.85	169.2295139
444	4009.12351	5345.113514	951.85	169.2399306
444	4009.079356	5344.832694	951.81	169.2607639
444	4009.059385	5344.702275	951.83	169.2711806
444	4009.029781	5344.545646	951.84	169.2815972
444	4009.006534	5344.400288	951.79	169.2920139
444	4008.985034	5344.273037	951.85	169.3024306
444	4008.964699	5344.148294	951.85	169.3128472
444	4008.950317	5344.029436	951.81	169.3232639
444	4008.917534	5343.85253	951.77	169.3336806
444	4008.893473	5343.73152	951.81	169.3440972
444	4008.868386	5343.581416	951.81	169.3545139
444	4008.852161	5343.447043	951.79	169.3677083
444	4008.832633	5343.335522	951.76	169.3753472
444	4008.79279	5343.093682	951.78	169.3961806
444	4008.757763	5342.922837	951.81	169.4065972
444	4008.725234	5342.691963	951.74	169.4274306
444	4008.698732	5342.553248	951.77	169.4378472
444	4008.671107	5342.403984	951.79	169.4482639
444	4008.64655	5342.277971	951.83	169.4586806
444	4008.608937	5342.024701	951.76	169.4795139
444	4008.598975	5341.920582	951.71	169.4899306
444	4008.478428	5341.249633	951.77	169.5420139
444	4008.441899	5340.982634	951.69	169.5628472
444	4008.400343	5340.70936	951.67	169.5836806
444	4008.383263	5340.594294	951.67	169.5940972
444	4008.164316	5339.224085	951.62	169.6982639
444	4008.152977	5339.163383	951.66	169.7024306
444	4008.147851	5339.108774	951.63	169.7086806
444	4008.041737	5338.500691	951.63	169.7503472
444	4008.009761	5338.256568	951.62	169.7711806
444	4007.835565	5337.175415	951.60	169.8545139
444	4007.807974	5337.031808	951.58	169.8649306
444	4007.79443	5336.921004	951.55	169.8753472
444	4007.768857	5336.77962	951.56	169.8857639
444	4007.731493	5336.61791	951.63	169.8961806
444	4007.631788	5335.951775	951.55	169.9538194
444	4007.595287	5335.746957	951.55	169.9690972
444	4007.564706	5335.596413	951.58	169.9795139
444	4007.541813	5335.467499	951.58	169.9899306
444	4007.523595	5335.339617	951.55	170.0003472
444	4007.472121	5334.987059	951.54	170.0315972
444	4007.270241	5333.769156	951.52	170.1253472
444	4006.800638	5330.735708	951.40	170.3545139
444	4006.391598	5328.166366	951.32	170.5628472
444	4006.376311	5328.043227	951.32	170.5732639
444	4006.361765	5327.925138	951.31	170.5836806
444	4006.346204	5327.804697	951.30	170.5940972
444	4006.320716	5327.655616	951.31	170.6045139
444	4006.301978	5327.528254	951.30	170.6149306
444	4006.278714	5327.389027	951.30	170.6253472
444	4006.265096	5327.270757	951.28	170.6357639
444	4006.247542	5327.153596	951.27	170.6461806
444	4006.227745	5327.018724	951.28	170.6565972
444	4006.195987	5326.850311	951.27	170.6670139
444	4006.180677	5326.729737	951.29	170.6774306
444	4006.166723	5326.616988	951.27	170.6878472
444	4006.143028	5326.456516	951.26	170.6982639
444	4006.121594	5326.324808	951.27	170.7086806
444	4006.10183	5326.189771	951.26	170.7190972
444	4006.080552	5326.042076	951.25	170.7295139
444	4006.065505	5325.918858	951.25	170.7399306
444	4006.04266	5325.782257	951.25	170.7503472
444	4006.025565	5325.662412	951.23	170.7607639
444	4006.006101	5325.52481	951.22	170.7711806
444	4005.986249	5325.397907	951.24	170.7815972
444	4005.962429	5325.23764	951.23	170.7920139
444	4005.926705	5325.003878	951.24	170.8128472
444	4005.888676	5324.811117	951.26	170.8232639
444	4005.868469	5324.686855	951.28	170.8336806
444	4005.861414	5324.587777	951.24	170.8440972
444	4005.83773	5324.44354	951.26	170.8545139
444	4005.813752	5324.310156	951.23	170.8649306
444	4005.79215	5324.175714	951.28	170.8753472
444	4005.784675	5324.076889	951.21	170.8857639
444	4005.757099	5323.928665	951.20	170.8961806
444	4005.737271	5323.796446	951.20	170.9065972
444	4005.71159	5323.658173	951.23	170.9170139
444	4005.684879	5323.448274	951.21	170.9378472
444	4005.660891	5323.309561	951.20	170.9482639
444	4005.636928	5323.162787	951.18	170.9586806
444	4005.695408	5322.48302	950.87	170.9795139
444	4005.671614	5322.346894	950.87	170.9899306
444	4005.647533	5322.208183	950.89	171.0003472
444	4005.638715	5322.112472	950.91	171.0107639
444	4005.61202	5321.963975	950.91	171.0211806
444	4005.59351	5321.839582	950.87	171.0315972
444	4005.573411	5321.723474	950.90	171.0420139
444	4005.563695	5321.620116	950.86	171.0524306
444	4005.538491	5321.473938	950.88	171.0628472
444	4005.523137	5321.359089	950.87	171.0732639
444	4005.497992	5321.207346	950.86	171.0836806
444	4005.46164	5320.95295	950.85	171.1045139
444	4005.445471	5320.835701	950.87	171.1149306
444	4005.422063	5320.686298	950.85	171.1253472
444	4005.399509	5320.552435	950.86	171.1357639
444	4005.387423	5320.439252	950.84	171.1461806
444	4005.368222	5320.304319	950.83	171.1565972
444	4005.349081	5320.164201	950.84	171.1670139
444	4005.324502	5320.017697	950.85	171.1774306
444	4005.30584	5319.877343	950.84	171.1878472
444	4005.290952	5319.757236	950.83	171.1982639
444	4005.272843	5319.619303	950.82	171.2086806
444	4005.250165	5319.477673	950.82	171.2190972
444	4005.217746	5319.214122	950.82	171.2399306
444	4005.188783	5319.042548	950.80	171.2503472
444	4005.174498	5318.919507	950.80	171.2607639
444	4005.153976	5318.779803	950.79	171.2711806
444	4005.13568	5318.642074	950.79	171.2815972
444	4005.120603	5318.519209	950.81	171.2920139
444	4005.106413	5318.388122	950.78	171.3024306
444	4005.089439	5318.268651	950.81	171.3128472
444	4005.068929	5318.121032	950.75	171.3232639
444	4005.049334	5317.989109	950.80	171.3336806
444	4005.024932	5317.837292	950.78	171.3440972
444	4005.014804	5317.726374	950.79	171.3545139
444	4004.99905	5317.601088	950.79	171.3649306
444	4004.972331	5317.426208	950.77	171.378125
444	4004.971196	5317.394713	950.78	171.3822917
444	4004.952817	5317.289028	950.77	171.3892361
444	4004.95265	5317.235894	950.77	171.3961806
444	4004.937358	5317.139849	950.76	171.403125
444	4004.919318	5317.033874	950.76	171.4100694
444	4004.912356	5316.956511	950.76	171.4170139
444	4004.885525	5316.768506	950.78	171.4309028
444	4004.885214	5316.712753	950.80	171.4378472
444	4004.87093	5316.621759	950.79	171.4447917
444	4004.863541	5316.538903	950.75	171.4517361
444	4004.851186	5316.447301	950.77	171.4586806
444	4004.832648	5316.26989	950.77	171.4725694
444	4004.832312	5316.206222	950.74	171.4795139
444	4004.822189	5316.1166	950.76	171.4864583
444	4004.797604	5315.909204	950.77	171.5003472
444	4004.79063	5315.821174	950.78	171.5072917
444	4004.790617	5315.754741	950.75	171.5142361
444	4004.773573	5315.635309	950.77	171.5211806
444	4004.774694	5315.563266	950.77	171.528125
444	4004.764803	5315.465566	950.77	171.5350694
444	4004.756196	5315.378071	950.77	171.5420139
444	4004.73781	5315.253825	950.80	171.5489583
444	4004.747362	5315.21372	950.79	171.5559028
444	4004.739385	5315.046245	950.79	171.5697917
444	4004.729186	5314.935383	950.80	171.5767361
444	4004.72049	5314.83714	950.79	171.5836806
444	4004.69575	5314.545162	950.81	171.6045139
444	4004.700819	5314.487866	950.81	171.6114583
444	4004.696377	5314.401673	950.82	171.6184028
444	4004.673353	5314.260314	950.84	171.6253472
444	4004.671812	5314.186585	950.84	171.6322917
444	4004.662796	5314.019519	950.82	171.6461806
444	4004.654851	5313.926714	950.80	171.653125
444	4004.633876	5313.795429	950.80	171.6600694
444	4004.634375	5313.723556	950.78	171.6670139
444	4004.625392	5313.633572	950.78	171.6739583
444	4004.608824	5313.532612	950.86	171.6809028
444	4004.594678	5313.420486	950.80	171.6878472
444	4004.590933	5313.349963	950.81	171.6947917
444	4004.580538	5313.247071	950.81	171.7017361
444	4004.567042	5313.063156	950.80	171.715625
444	4004.566042	5312.983954	950.74	171.7225694
444	4004.541537	5312.843037	950.78	171.7295139
444	4004.539699	5312.766874	950.75	171.7364583
444	4004.518786	5312.574447	950.76	171.7503472
444	4004.49193	5312.291336	950.71	171.7711806
444	4004.46258	5312.072585	950.71	171.7850694
444	4004.461943	5312.001321	950.67	171.7920139
444	4004.452505	5311.906103	950.65	171.7989583
444	4004.449784	5311.830156	950.66	171.8059028
444	4004.43259	5311.703031	950.64	171.8128472
444	4004.426228	5311.614971	950.65	171.8197917
444	4004.412718	5311.507879	950.63	171.8267361
444	4004.390239	5311.374506	950.66	171.8336806
444	4004.386341	5311.301424	950.63	171.840625
444	4004.373163	5311.194431	950.62	171.8475694
444	4004.369057	5311.113505	950.61	171.8545139
444	4004.361487	5311.015258	950.56	171.8614583
444	4004.35599	5310.942783	950.58	171.8684028
444	4004.338861	5310.834274	950.60	171.8753472
444	4004.336593	5310.763371	950.57	171.8822917
444	4004.315992	5310.645367	950.58	171.8892361
444	4004.300998	5310.475279	950.57	171.903125
444	4004.279435	5310.296573	950.60	171.9170139
444	4004.277019	5310.212579	950.51	171.9239583
444	4004.268102	5310.120127	950.52	171.9309028
444	4004.257597	5310.035989	950.53	171.9378472
444	4004.247495	5309.938479	950.49	171.9447917
444	4004.232024	5309.847981	950.52	171.9517361
444	4004.218371	5309.757015	950.52	171.9586806
444	4004.221316	5309.695104	950.46	171.965625
444	4004.199925	5309.572051	950.46	171.9725694
444	4004.195253	5309.507367	950.50	171.9795139
444	4004.185004	5309.404586	950.46	171.9864583
444	4004.172166	5309.310618	950.50	171.9934028
444	4004.156305	5309.212351	950.52	172.0003472
444	4004.158775	5309.163943	950.48	172.0072917
444	4004.155173	5309.08036	950.44	172.0142361
444	4004.125099	5308.94421	950.50	172.0211806
444	4004.122867	5308.881454	950.44	172.028125
444	4004.120652	5308.813169	950.46	172.0350694
444	4004.117711	5308.740062	950.43	172.0420139
444	4004.075707	5308.440837	950.44	172.0628472
444	4004.07209	5308.370523	950.40	172.0697917
444	4004.064816	5308.293439	950.38	172.0767361
444	4004.056667	5308.21139	950.36	172.0836806
444	4004.052453	5308.141173	950.36	172.090625
444	4004.038326	5308.039742	950.36	172.0975694
444	4004.030046	5307.965645	950.35	172.1045139
444	4004.012843	5307.857172	950.34	172.1114583
444	4004.01099	5307.791568	950.33	172.1184028
444	4003.984091	5307.654582	950.35	172.1253472
444	4003.971651	5307.573687	950.33	172.1322917
444	4003.969449	5307.505627	950.32	172.1392361
444	4003.963083	5307.417721	950.31	172.1461806
444	4003.943405	5307.296799	950.30	172.153125
444	4003.931667	5307.210462	950.29	172.1600694
444	4003.926391	5307.143361	950.30	172.1670139
444	4003.910711	5307.034448	950.29	172.1739583
444	4003.899579	5306.942792	950.28	172.1809028
444	4003.869402	5306.793523	950.30	172.1878472
444	4003.871111	5306.74265	950.30	172.1947917
444	4003.858707	5306.572122	950.23	172.2086806
444	4003.857784	5306.508838	950.23	172.215625
444	4003.839792	5306.387528	950.20	172.2225694
444	4003.825157	5306.288978	950.21	172.2295139
444	4003.814432	5306.199695	950.20	172.2364583
444	4003.807293	5306.1174	950.19	172.2434028
444	4003.781176	5305.921826	950.18	172.2572917
444	4003.77265	5305.831975	950.14	172.2642361
444	4003.758548	5305.730711	950.15	172.2711806
444	4003.745746	5305.631525	950.17	172.278125
444	4003.729784	5305.525416	950.17	172.2850694
444	4003.727003	5305.455027	950.16	172.2920139
444	4003.717478	5305.357509	950.13	172.2989583
444	4003.711368	5305.277494	950.12	172.3059028
444	4003.71282	5305.213615	950.09	172.3128472
444	4003.683409	5305.013977	950.11	172.3267361
444	4003.650608	5304.72544	950.06	172.3475694
444	4003.639477	5304.641656	950.08	172.3545139
444	4003.642304	5304.590687	950.07	172.3614583
444	4003.629738	5304.488902	950.05	172.3684028
444	4003.614666	5304.387887	950.07	172.3753472
444	4003.607916	5304.308099	950.04	172.3822917
444	4003.603645	5304.240674	950.05	172.3892361
444	4003.592281	5304.104221	949.99	172.4003472
444	4003.585036	5304.061663	950.00	172.403125
444	4003.577185	5303.976899	949.99	172.4100694
444	4003.566426	5303.887702	949.99	172.4170139
444	4003.565394	5303.82738	949.97	172.4239583
444	4003.551851	5303.731149	949.97	172.4309028
444	4003.554122	5303.68294	949.98	172.4378472
444	4003.534211	5303.562331	949.96	172.4447917
444	4003.513804	5303.441782	949.97	172.4517361
444	4003.516169	5303.401533	949.98	172.4586806
444	4003.510099	5303.337437	949.96	172.465625
444	4003.495094	5303.233686	949.96	172.4725694
444	4003.478718	5303.135675	949.97	172.4795139
444	4003.476285	5303.022977	949.95	172.4934028
444	4003.451792	5302.890485	949.95	172.5003472
444	4003.455428	5302.841882	949.93	172.5072917
444	4003.446409	5302.762832	949.92	172.5142361
444	4003.428674	5302.660215	949.95	172.5211806
444	4003.416738	5302.574076	949.97	172.528125
444	4003.414571	5302.51404	949.91	172.5350694
444	4003.39627	5302.403434	949.91	172.5420139
444	4003.384943	5302.32785	949.92	172.5489583
444	4003.38234	5302.278399	949.93	172.5559028
444	4003.374597	5302.201637	949.88	172.5628472
444	4003.344345	5302.070922	949.94	172.5697917
444	4003.336557	5302.002156	949.93	172.5767361
444	4003.325829	5301.928868	949.92	172.5836806
444	4003.321048	5301.864417	949.92	172.590625
444	4003.309635	5301.725445	949.89	172.6045139
444	4003.281511	5301.594196	949.93	172.6114583
444	4003.292316	5301.577729	949.88	172.6184028
444	4003.277567	5301.479371	949.86	172.6253472
444	4003.239349	5301.264129	949.89	172.6392361
444	4003.244867	5301.220218	949.87	172.6461806
444	4003.241223	5301.160662	949.84	172.653125
444	4003.226978	5301.064727	949.84	172.6600694
444	4003.209041	5300.962127	949.84	172.6670139
444	4003.192187	5300.859203	949.82	172.6739583
444	4003.184662	5300.790196	949.84	172.6809028
444	4003.174978	5300.708839	949.84	172.6878472
444	4003.097263	5299.973044	949.79	172.7434028
444	4003.091548	5299.88511	949.76	172.7503472
444	4003.07478	5299.774321	949.76	172.7572917
444	4003.072123	5299.698661	949.72	172.7642361
444	4003.060795	5299.607207	949.73	172.7711806
444	4003.034074	5299.341209	949.75	172.7920139
444	4003.015289	5299.215207	949.73	172.7989583
444	4003.005437	5299.125886	949.71	172.8059028
444	4003.007067	5299.064797	949.69	172.8128472
444	4003.004037	5298.997333	949.69	172.8197917
444	4002.981267	5298.869696	949.70	172.8267361
444	4002.97426	5298.787593	949.69	172.8336806
444	4002.940984	5298.505057	949.69	172.8545139
444	4002.911854	5298.250506	949.69	172.8753472
444	4002.907267	5298.172818	949.65	172.8822917
444	4002.905241	5298.115506	949.66	172.8892361
444	4002.873987	5297.974797	949.69	172.8961806
444	4002.870018	5297.899587	949.69	172.903125
444	4002.859967	5297.820983	949.67	172.9100694
444	4002.850863	5297.734232	949.68	172.9170139
444	4002.847934	5297.666774	949.65	172.9239583
444	4002.832091	5297.566118	949.66	172.9309028
444	4002.824344	5297.489489	949.65	172.9378472
444	4002.818347	5297.41215	949.64	172.9447917
444	4002.806579	5297.32109	949.61	172.9517361
444	4002.79676	5297.239684	949.64	172.9586806
444	4002.783333	5297.10677	949.64	172.9725694
444	4002.763395	5296.994371	949.66	172.9795139
444	4002.761563	5296.931723	949.61	172.9864583
444	4002.758525	5296.864226	949.63	172.9934028
444	4002.748187	5296.788388	949.64	173.0003472
444	4002.724916	5296.663729	949.62	173.0072917
444	4002.713763	5296.525051	949.61	173.0211806
444	4002.699237	5296.379331	949.60	173.0350694
444	4002.686268	5296.288375	949.62	173.0420139
444	4002.675043	5296.207605	949.62	173.0489583
444	4002.663336	5296.071672	949.60	173.0628472
444	4002.647556	5295.96849	949.60	173.0697917
444	4002.641341	5295.899216	949.58	173.0767361
444	4002.637071	5295.834764	949.57	173.0836806
444	4002.618326	5295.737771	949.58	173.090625
444	4002.619299	5295.682185	949.58	173.0975694
444	4002.605022	5295.576013	949.57	173.1045139
444	4002.594657	5295.492262	949.57	173.1114583
444	4002.597455	5295.449396	949.58	173.1184028
444	4002.57577	5295.326965	949.59	173.1253472
444	4002.563143	5295.249097	949.58	173.1322917
444	4002.568011	5295.197766	949.55	173.1392361
444	4002.552064	5295.097218	949.55	173.1461806
444	4002.546081	5295.020135	949.51	173.153125
444	4002.533603	5294.931818	949.55	173.1600694
444	4002.529878	5294.86458	949.54	173.1670139
444	4002.520345	5294.764891	949.51	173.1739583
444	4002.501084	5294.657385	949.51	173.1809028
444	4002.502481	5294.612301	949.50	173.1878472
444	4002.491995	5294.523408	949.49	173.1947917
444	4002.479371	5294.432594	949.49	173.2017361
444	4002.466973	5294.333671	949.48	173.2086806
444	4002.462446	5294.261386	949.47	173.215625
444	4002.448315	5294.147273	949.47	173.2225694
444	4002.445356	5294.07983	949.47	173.2295139
444	4002.418016	5293.938111	949.49	173.2364583
444	4002.411423	5293.863701	949.55	173.2434028
444	4002.414855	5293.810277	949.48	173.2503472
444	4002.400654	5293.693554	949.48	173.2572917
444	4002.402707	5293.645649	949.46	173.2642361
444	4002.388544	5293.534219	949.44	173.2711806
444	4002.376735	5293.432601	949.44	173.278125
444	4002.366085	5293.343697	949.42	173.2850694
444	4002.361168	5293.269002	949.43	173.2920139
444	4002.349185	5293.16489	949.42	173.2989583
444	4002.340683	5293.07527	949.42	173.3059028
444	4002.325834	5292.972006	949.42	173.3128472
444	4002.31723	5292.887812	949.44	173.3197917
444	4002.307808	5292.806414	949.40	173.3267361
444	4002.302351	5292.640077	949.38	173.340625
444	4002.292628	5292.551021	949.38	173.3475694
444	4002.276785	5292.434831	949.37	173.3545139
444	4002.270122	5292.357932	949.37	173.3614583
444	4002.254643	5292.246937	949.37	173.3684028
444	4002.259438	5292.193158	949.39	173.3753472
444	4002.248061	5292.099119	949.35	173.3822917
444	4002.235248	5291.992646	949.33	173.3892361
444	4002.227813	5291.910788	949.34	173.3961806
444	4002.217484	5291.787811	949.32	173.4052083
444	4002.209835	5291.732297	949.32	173.4100694
444	4002.195236	5291.641955	949.36	173.4170139
444	4002.193685	5291.566232	949.32	173.4239583
444	4002.178518	5291.465759	949.31	173.4309028
444	4002.177826	5291.387145	949.27	173.4378472
444	4002.168672	5291.300515	949.26	173.4447917
444	4002.161954	5291.234343	949.28	173.4517361
444	4002.150173	5291.124862	949.27	173.4586806
444	4002.138693	5291.036462	949.27	173.465625
444	4002.129997	5290.95226	949.28	173.4725694
444	4002.11722	5290.858857	949.26	173.4795139
444	4002.117986	5290.811489	949.25	173.4864583
444	4002.109942	5290.729844	949.24	173.4934028
444	4002.099517	5290.643605	949.24	173.5003472
444	4002.089938	5290.559861	949.25	173.5072917
444	4002.083137	5290.475216	949.22	173.5142361
444	4002.073306	5290.391456	949.24	173.5211806
444	4002.065886	5290.309642	949.24	173.528125
444	4002.037927	5290.181382	949.26	173.5350694
444	4002.049189	5290.1493	949.20	173.5420139
444	4002.038002	5290.071138	949.24	173.5489583
444	4002.027308	5289.998123	949.25	173.5559028
444	4002.025822	5289.930368	949.25	173.5628472
444	4002.023646	5289.86546	949.21	173.5697917
444	4002.013561	5289.781886	949.19	173.5767361
444	4001.999945	5289.686119	949.18	173.5836806
444	4001.998006	5289.615766	949.15	173.590625
444	4001.982783	5289.525758	949.18	173.5975694
444	4001.974965	5289.446729	949.15	173.6045139
444	4001.969436	5289.382901	949.17	173.6114583
444	4001.95375	5289.279815	949.14	173.6184028
444	4001.941129	5289.183774	949.14	173.6253472
444	4001.942326	5289.138961	949.13	173.6322917
444	4001.925382	5289.041534	949.16	173.6392361
444	4001.917944	5288.965051	949.14	173.6461806
444	4001.913719	5288.890189	949.11	173.653125
444	4001.895262	5288.780181	949.12	173.6600694
444	4001.883848	5288.702212	949.15	173.6670139
444	4001.875812	5288.618077	949.10	173.6739583
444	4001.867293	5288.539181	949.11	173.6809028
444	4001.858043	5288.455402	949.09	173.6878472
444	4001.857184	5288.395343	949.09	173.6947917
444	4001.83711	5288.28308	949.09	173.7017361
444	4001.832332	5288.208492	949.09	173.7086806
444	4001.818374	5288.11287	949.08	173.715625
444	4001.814436	5288.043328	949.06	173.7225694
444	4001.805963	5287.967077	949.05	173.7295139
444	4001.79654	5287.880816	949.06	173.7364583
444	4001.784247	5287.789913	949.04	173.7434028
444	4001.784328	5287.73479	949.05	173.7503472
444	4001.756705	5287.527927	949.03	173.7642361
444	4001.736044	5287.33209	949.03	173.778125
444	4001.727028	5287.266578	949.07	173.7850694
444	4001.722216	5287.189293	949.05	173.7920139
444	4001.717191	5287.104338	949.00	173.7989583
444	4001.706796	5287.020835	949.02	173.8059028
444	4001.693832	5286.912042	949.03	173.8128472
444	4001.693747	5286.856893	948.98	173.8197917
444	4001.685526	5286.764851	948.95	173.8267361
444	4001.679266	5286.68828	948.94	173.8336806
444	4001.668282	5286.594397	948.95	173.840625
444	4001.665481	5286.537678	948.97	173.8475694
444	4001.644147	5286.336824	948.92	173.8614583
444	4001.637571	5286.265354	948.90	173.8684028
444	4001.618771	5286.155528	948.94	173.8753472
444	4001.604046	5286.049722	948.93	173.8822917
444	4001.604793	5285.986625	948.94	173.8892361
444	4001.581071	5285.859834	948.95	173.8961806
444	4001.592149	5285.833095	948.92	173.903125
444	4001.574057	5285.72044	948.92	173.9100694
444	4001.57557	5285.659773	948.88	173.9170139
444	4001.55758	5285.48696	948.87	173.9309028
444	4001.548811	5285.410955	948.89	173.9378472
444	4001.5466	5285.343539	948.85	173.9447917
444	4001.530372	5285.238096	948.85	173.9517361
444	4001.520884	5285.154481	948.86	173.9586806
444	4001.514067	5285.085654	948.87	173.965625
444	4001.510356	5285.016225	948.86	173.9725694
444	4001.492437	5284.864161	948.85	173.9864583
444	4001.478004	5284.76623	948.85	173.9934028
444	4001.473743	5284.704692	948.81	174.0003472
444	4001.461325	5284.608736	948.80	174.0072917
444	4001.457797	5284.552175	948.80	174.0142361
444	4001.449661	5284.468099	948.82	174.0211806
444	4001.434713	5284.375603	948.84	174.028125
444	4001.431944	5284.30828	948.80	174.0350694
444	4001.4175	5284.223463	948.83	174.0420139
444	4001.41501	5284.16134	948.83	174.0489583
444	4001.404274	5284.078015	948.84	174.0559028
444	4001.40016	5284.008633	948.80	174.0628472
444	4001.387759	5283.925786	948.80	174.0697917
444	4001.38255	5283.853988	948.79	174.0767361
444	4001.376605	5283.78777	948.77	174.0836806
444	4001.365254	5283.704536	948.80	174.090625
444	4001.362843	5283.631949	948.77	174.0975694
444	4001.350061	5283.546677	948.76	174.1045139
444	4001.344095	5283.480378	948.75	174.1114583
444	4001.335207	5283.407	948.75	174.1184028
444	4001.309328	5283.226011	948.73	174.1322917
444	4001.309708	5283.168372	948.74	174.1392361
444	4001.306174	5283.101298	948.71	174.1461806
444	4001.287263	5282.99951	948.75	174.153125
444	4001.289773	5282.949088	948.71	174.1600694
444	4001.272892	5282.857085	948.73	174.1670139
444	4001.268696	5282.772037	948.71	174.1739583
444	4001.25623	5282.683967	948.70	174.1809028
444	4001.244464	5282.590618	948.71	174.1878472
444	4001.238922	5282.524221	948.71	174.1947917
444	4001.232345	5282.44494	948.69	174.2017361
444	4001.230131	5282.39069	948.68	174.2086806
444	4001.219813	5282.283857	948.66	174.215625
444	4001.208578	5282.203359	948.68	174.2225694
444	4001.198014	5282.117308	948.68	174.2295139
444	4001.18698	5282.021228	948.67	174.2364583
444	4001.187352	5281.953082	948.66	174.2434028
444	4001.180511	5281.873986	948.63	174.2503472
444	4001.164644	5281.768645	948.64	174.2572917
444	4001.165453	5281.705652	948.63	174.2642361
444	4001.150265	5281.600219	948.62	174.2711806
444	4001.142713	5281.513524	948.60	174.278125
444	4001.136158	5281.434267	948.63	174.2850694
444	4001.127261	5281.342782	948.62	174.2920139
444	4001.13013	5281.28703	948.61	174.2989583
444	4001.10914	5281.157091	948.59	174.3059028
444	4001.111113	5281.091154	948.56	174.3128472
444	4001.09995	5280.984515	948.54	174.3197917
444	4001.088946	5280.896178	948.57	174.3267361
444	4001.079864	5280.802035	948.56	174.3336806
444	4001.081324	5280.73362	948.51	174.340625
444	4001.070094	5280.635101	948.53	174.3475694
444	4001.062595	5280.540523	948.52	174.3545139
444	4001.062913	5280.474977	948.49	174.3614583
444	4001.047379	5280.380121	948.53	174.3663194
444	4001.045673	5280.27866	948.49	174.3753472
444	4001.037134	5280.189653	948.52	174.3822917
444	4001.031904	5280.102353	948.48	174.3892361
444	4001.024025	5280.013072	948.46	174.3961806
444	4001.018045	5279.926083	948.46	174.403125
444	4001.003785	5279.817724	948.46	174.4100694
444	4000.996632	5279.725711	948.41	174.4170139
444	4000.993889	5279.645533	948.41	174.4239583
444	4000.988789	5279.571189	948.40	174.4309028
444	4000.978997	5279.464319	948.39	174.4378472
444	4000.977102	5279.391715	948.39	174.4447917
444	4000.965763	5279.29553	948.39	174.4517361
444	4000.955693	5279.196737	948.36	174.4586806
444	4000.953342	5279.12427	948.36	174.465625
444	4000.948869	5279.047134	948.38	174.4725694
444	4000.944259	5278.962239	948.35	174.4795139
444	4000.937367	5278.88334	948.37	174.4864583
444	4000.932704	5278.808803	948.33	174.4934028
444	4000.919489	5278.692486	948.30	174.5003472
444	4000.916223	5278.63072	948.32	174.5072917
444	4000.90735	5278.53406	948.28	174.5142361
444	4000.904102	5278.461863	948.27	174.5211806
444	4000.881277	5278.340252	948.32	174.528125
444	4000.876418	5278.195508	948.27	174.5420139
444	4000.866019	5278.106992	948.28	174.5489583
444	4000.858835	5278.03083	948.27	174.5559028
444	4000.835851	5277.84662	948.27	174.5697917
444	4000.818504	5277.69232	948.26	174.5836806
444	4000.511752	5274.653325	947.78	174.8197917
444	4000.448262	5274.050666	947.71	174.8628472
444	4000.405247	5273.60145	947.69	174.8961806
444	4000.405398	5273.53371	947.67	174.903125
444	4000.373285	5273.253344	947.65	174.9239583
444	4000.367375	5273.171615	947.65	174.9309028
444	4000.364772	5273.099392	947.63	174.9378472
444	4000.358323	5273.012659	947.62	174.9447917
444	4000.344305	5272.912341	947.61	174.9517361
444	4000.328864	5272.799292	947.60	174.9586806
444	4000.325606	5272.735224	947.60	174.965625
444	4000.310852	5272.624617	947.60	174.9725694
444	4000.319644	5272.604037	947.58	174.9795139
444	4000.299478	5272.476822	947.57	174.9864583
444	4000.294483	5272.410424	947.56	174.9934028
444	4000.288499	5272.33127	947.54	175.0003472
444	4000.278057	5272.243119	947.55	175.0072917
444	4000.278585	5272.201273	947.54	175.0142361
444	4000.254884	5272.069881	947.53	175.0211806
444	4000.245507	5271.991566	947.57	175.028125
444	4000.238815	5271.912803	947.52	175.0350694
444	4000.232433	5271.844266	947.54	175.0420139
444	4000.228236	5271.777758	947.52	175.0489583
444	4000.222418	5271.706353	947.52	175.0559028
444	4000.220228	5271.647081	947.49	175.0628472
444	4000.201631	5271.55067	947.50	175.0697917
444	4000.180839	5271.389843	947.51	175.0836806
444	4000.17609	5271.320873	947.51	175.090625
444	4000.174444	5271.271859	947.46	175.0975694
444	4000.159434	5271.171955	947.49	175.1045139
444	4000.155547	5271.08955	947.45	175.1114583
444	4000.147754	5271.029374	947.46	175.1184028
444	4000.136579	5270.954288	947.46	175.1253472
444	4000.131682	5270.885369	947.44	175.1322917
444	4000.124963	5270.814323	947.44	175.1392361
444	4000.107689	5270.712328	947.44	175.1461806
444	4000.109474	5270.662397	947.43	175.153125
444	4000.108313	5270.610736	947.42	175.1600694
444	4000.096954	5270.520163	947.39	175.1670139
444	4000.094807	5270.466243	947.43	175.1739583
444	4000.083185	5270.318345	947.37	175.1878472
444	4000.039786	5270.044027	947.25	175.1947917
444	4000.01815	5269.85485	947.17	175.2017361
444	3999.994982	5269.689406	947.13	175.2086806
444	3999.981465	5269.557876	947.10	175.215625
444	3999.960558	5269.391837	947.04	175.2225694
444	3999.934212	5269.209205	946.98	175.2295139
444	3999.900178	5268.989623	946.95	175.2364583
444	3999.743446	5267.94777	946.49	175.2503472
