   1.5689931e+02  -1.0000000e+04
   1.5689931e+02   1.5000000e+04
   1.5690347e+02  -1.0000000e+04
   1.5690347e+02   1.5000000e+04
   1.6052778e+02  -1.0000000e+04
   1.6052778e+02   1.5000000e+04
   1.6261875e+02  -1.0000000e+04
   1.6261875e+02   1.5000000e+04
   1.6556111e+02  -1.0000000e+04
   1.6556111e+02   1.5000000e+04
   1.6652083e+02  -1.0000000e+04
   1.6652083e+02   1.5000000e+04
   1.6845833e+02  -1.0000000e+04
   1.6845833e+02   1.5000000e+04
   1.7525000e+02  -1.0000000e+04
   1.7525000e+02   1.5000000e+04
