444	159.5424479	4029.058259	5456.163366	955.656732
444	159.5528646	4029.042598	5456.075981	955.6576819
444	159.5945313	4028.923191	5455.606395	955.6119215
444	159.6154514	4028.894614	5455.435972	955.6006856
444	159.7300347	4028.621135	5454.269327	955.5299971
444	159.8322917	4028.408983	5453.249555	955.4904047
444	159.8445313	4028.371617	5453.106453	955.4758188
444	159.8549769	4028.362656	5453.033211	955.492458
444	159.8653646	4028.3363	5452.913582	955.5012691
444	159.8966146	4028.253716	5452.573708	955.5224401
444	159.9070313	4028.231483	5452.463638	955.4791888
444	159.9175347	4028.209165	5452.362176	955.4774965
444	159.9695313	4028.100312	5451.839744	955.4277854
444	159.9799479	4028.083676	5451.747223	955.4182594
444	159.9903646	4028.061982	5451.656953	955.4217476
444	160.0007813	4028.052427	5451.564038	955.3864769
444	160.0111979	4028.030085	5451.462735	955.3768901
444	160.0216146	4028.015595	5451.386351	955.4247398
444	160.0424479	4027.95576	5451.147805	955.4214008
444	160.0528646	4027.948668	5451.079444	955.40148
444	160.0632813	4027.927772	5450.983265	955.3892273
444	160.0841146	4027.875157	5450.761305	955.4224956
444	160.0945313	4027.853601	5450.662561	955.4235038
444	160.1363715	4027.767726	5450.273027	955.3565523
444	160.1466146	4027.745238	5450.174632	955.3704775
444	160.1882813	4027.672246	5449.80199	955.3899183
444	160.2091146	4027.625063	5449.586389	955.3866456
444	160.2195313	4027.606544	5449.491855	955.3302307
444	160.2403646	4027.575566	5449.308856	955.3035301
444	160.2507813	4027.573178	5449.238495	955.2838285
444	160.2611979	4027.536207	5449.109667	955.2612117
444	160.2716146	4027.50655	5448.988896	955.3169344
444	160.2820313	4027.491826	5448.898506	955.3050019
444	160.2924479	4027.470048	5448.78564	955.2930076
444	160.3028646	4027.438501	5448.662876	955.3226843
444	160.3132813	4027.419269	5448.554509	955.2769132
444	160.3236979	4027.401518	5448.462653	955.2570071
444	160.3549479	4027.305143	5448.084013	955.2835314
444	160.4695602	4027.076062	5446.9265	955.2141493
444	160.5424479	4026.932213	5446.21302	955.1846309
444	160.5527778	4026.853353	5445.992256	955.2375543
444	160.6257813	4026.766451	5445.424141	955.1556778
444	160.7188368	4026.599077	5444.579305	955.1222794
444	160.7208333	4026.587564	5444.53898	955.1277015
444	160.7403935	4026.503555	5444.249353	955.0722336
444	160.7506944	4026.471919	5444.124092	955.0914974
444	160.7716146	4026.484473	5444.041391	955.0985754
444	160.8132813	4026.395367	5443.614596	955.0895672
444	160.8236979	4026.380175	5443.521689	955.0854461
444	160.8341146	4026.351949	5443.400663	955.0864737
444	160.8550347	4026.295033	5443.158634	955.0520327
444	160.8653646	4026.268967	5443.0509	955.0190603
444	160.9070313	4026.171553	5442.599567	954.9815578
444	160.9175347	4026.162458	5442.53531	955.0343643
444	160.9486979	4026.11167	5442.225081	954.9987197
444	160.9591146	4026.075835	5442.090562	954.9996865
444	160.9695313	4026.061501	5442.005843	954.9771735
444	160.9904514	4026.015277	5441.796313	955.0024819
444	161.0111111	4025.942052	5441.530594	955.0381331
444	161.0424479	4025.912257	5441.290815	954.9839753
444	161.0632813	4025.867751	5441.086209	955.0117855
444	161.0841146	4025.803184	5440.836517	954.9615307
444	161.1050347	4025.76106	5440.636607	954.9738818
444	161.1153646	4025.746542	5440.537898	954.9280833
444	161.1362847	4025.716362	5440.375111	954.987106
444	161.1674479	4025.649837	5440.061061	954.9483897
444	161.1882813	4025.608317	5439.869343	954.9240689
444	161.2091146	4025.568012	5439.663072	954.9104489
444	161.2507813	4025.491038	5439.262765	954.8910063
444	161.2611979	4025.454355	5439.142909	954.9436739
444	161.2717014	4025.452152	5439.064304	954.9137509
444	161.2925347	4025.399018	5438.832484	954.8611024
444	161.3132813	4025.353907	5438.619885	954.8708265
444	161.3549479	4025.285328	5438.224588	954.8463677
444	161.3653646	4025.265171	5438.111563	954.8242239
444	161.3861979	4025.218892	5437.893732	954.8235908
444	161.4590278	4025.033796	5437.059804	954.8022268
444	161.5217014	4024.966328	5436.550819	954.7927868
444	161.5527778	4024.817682	5436.049893	954.8321275
444	161.6996528	4024.58895	5434.708914	954.6670542
444	161.7195313	4024.560711	5434.540102	954.6818871
444	161.8132813	4024.353006	5433.547499	954.6336813
444	161.8237847	4024.318824	5433.406906	954.5906065
444	161.8341146	4024.306786	5433.327233	954.6539354
444	161.8861979	4024.216687	5432.809603	954.5943229
444	161.8966146	4024.179441	5432.667561	954.6058041
444	161.9070313	4024.158467	5432.557949	954.5886316
444	161.9278646	4024.105905	5432.32368	954.6166365
444	161.9487847	4024.062769	5432.096669	954.5590821
444	161.9695313	4024.017109	5431.882001	954.5922521
444	161.9904514	4023.957743	5431.628202	954.5370555
444	162.0008681	4023.962184	5431.56127	954.522852
444	162.0112847	4023.936197	5431.445479	954.5575122
444	162.0425347	4023.87176	5431.123215	954.5164894
444	162.0527778	4023.803324	5430.927245	954.5509637
444	162.3238426	4023.316411	5428.254191	954.3933765
444	162.521875	4022.873959	5425.959742	954.3401225
444	162.8447917	4022.187374	5422.298931	954.1628512
444	162.9174479	4022.029	5421.45921	954.2202028
444	162.9799479	4021.888243	5420.713174	954.1365943
444	162.9903646	4021.87097	5420.597004	954.1249127
444	163.0007813	4021.84519	5420.481666	954.1283754
444	163.0424479	4021.756062	5419.97776	954.0608028
444	163.0528646	4021.739431	5419.878239	954.0619306
444	163.0632813	4021.714528	5419.751238	954.0578778
444	163.0736979	4021.694591	5419.653248	954.0743403
444	163.0841146	4021.665065	5419.511463	954.0574754
444	163.0945313	4021.630891	5419.377238	954.104971
444	163.1049479	4021.625902	5419.309238	954.0541348
444	163.1361979	4021.552845	5418.950377	954.0754388
444	163.1466146	4021.529363	5418.834033	954.0712575
444	163.1570313	4021.519726	5418.734502	954.0415859
444	163.1778646	4021.470293	5418.497445	954.0358118
444	163.1986979	4021.421372	5418.260192	954.0301531
444	163.2091146	4021.407031	5418.159671	954.0001273
444	163.2403646	4021.338345	5417.827192	954.0264591
444	163.2611979	4021.288158	5417.593374	954.0594028
444	163.2716146	4021.250949	5417.446611	954.0631168
444	163.3132813	4021.170267	5416.990356	954.0261269
444	163.3764757	4021.033133	5416.266753	953.9785448
444	163.3966146	4021.002242	5416.058575	953.944559
444	163.4496528	4020.878817	5415.416266	953.8909217
444	163.5007813	4020.753349	5414.775002	953.8760647
444	163.5111979	4020.7363	5414.672973	953.8744988
444	163.5216146	4020.721154	5414.56188	953.8550741
444	163.5424479	4020.666688	5414.302181	953.9012948
444	163.5529514	4020.65892	5414.204712	953.8482782
444	163.5632813	4020.643293	5414.104931	953.8726471
444	163.5864583	4020.459505	5413.508294	953.8184171
444	163.6883681	4020.244767	5412.359944	953.8085053
444	163.7721354	4020.037261	5411.337478	953.7577708
444	163.8550347	4019.875194	5410.413929	953.6788545
444	163.9070313	4019.77171	5409.826217	953.6612928
444	163.9174479	4019.751056	5409.712052	953.6623822
444	163.9486979	4019.673767	5409.339623	953.7043759
444	163.9591146	4019.642525	5409.182484	953.6772552
444	163.9799479	4019.590979	5408.916508	953.6589695
444	163.9903646	4019.567161	5408.787035	953.6860768
444	164.0216146	4019.51052	5408.442392	953.611906
444	164.0320313	4019.504374	5408.352877	953.6183767
444	164.0424479	4019.46984	5408.199888	953.6091223
444	164.0528646	4019.43874	5408.08744	953.6900299
444	164.0634549	4019.423691	5407.965307	953.5750661
444	164.0736979	4019.400171	5407.844095	953.62532
444	164.0841146	4019.381486	5407.748682	953.6054008
444	164.0945313	4019.370231	5407.633523	953.5758701
444	164.1049479	4019.322971	5407.477535	953.6516301
444	164.1361979	4019.269838	5407.139966	953.5749733
444	164.1466146	4019.246244	5407.013209	953.5916007
444	164.1570313	4019.227166	5406.920902	953.5975906
444	164.1778646	4019.190523	5406.685313	953.5663537
444	164.2091146	4019.123528	5406.345188	953.548675
444	164.2195313	4019.110706	5406.247507	953.5369454
444	164.2403646	4019.062318	5406.002917	953.5183248
444	164.2507813	4019.046002	5405.901083	953.5219761
444	164.2611979	4019.025644	5405.798018	953.5203642
444	164.2716146	4018.998711	5405.678329	953.5470614
444	164.3021701	4018.934241	5405.329084	953.5296291
444	164.3134549	4018.900231	5405.176059	953.507542
444	164.3236979	4018.884329	5405.074092	953.4801225
444	164.3341146	4018.865698	5404.951009	953.486638
444	164.3445313	4018.850495	5404.85698	953.4798693
444	164.3653646	4018.804988	5404.614148	953.445882
444	164.3757813	4018.787546	5404.510037	953.4908409
444	164.3861979	4018.770679	5404.391869	953.4585363
444	164.4070313	4018.735174	5404.170006	953.4324211
444	164.4174479	4018.727818	5404.075584	953.4180674
444	164.4278646	4018.696689	5403.946489	953.4216597
444	164.4382813	4018.659906	5403.791988	953.4614562
444	164.4486979	4018.64932	5403.701716	953.4263378
444	164.4695313	4018.603151	5403.442558	953.3848733
444	164.4799479	4018.575228	5403.317781	953.4400656
444	164.5007813	4018.538521	5403.082606	953.4089112
444	164.5111979	4018.5109	5402.952218	953.4099641
444	164.5425347	4018.434023	5402.552935	953.3670761
444	164.5946181	4018.320332	5401.926909	953.3546545
444	164.6362847	4018.258032	5401.491233	953.2922226
444	164.7301215	4018.105407	5400.531646	953.330433
444	164.7405382	4018.0626	5400.360318	953.295364
444	164.8549769	4017.888031	5399.202109	953.232548
444	164.8655093	4017.865389	5399.080791	953.2285247
444	164.8967882	4017.73745	5398.558632	953.2552006
444	164.9696181	4017.582384	5397.709445	953.162181
444	165.0321181	4017.458482	5396.983612	953.1253619
444	165.0634549	4017.387027	5396.607965	953.1518837
444	165.0842882	4017.352282	5396.38108	953.1490092
444	165.0946181	4017.34737	5396.294426	953.0960713
444	165.1363715	4017.25393	5395.792088	953.0618047
444	165.1467014	4017.23793	5395.69059	953.0266864
444	165.1572049	4017.209498	5395.563605	953.0714703
444	165.1675347	4017.174159	5395.417283	953.0982644
444	165.1778646	4017.158599	5395.304563	953.0505297
444	165.2195313	4017.094943	5394.890078	952.9953125
444	165.3154514	4016.898362	5393.812613	952.9611818
444	165.3653646	4016.793669	5393.251689	952.9919394
444	165.3967882	4016.755448	5392.943637	952.8948751
444	165.4070313	4016.708386	5392.752289	952.9115034
444	165.4173611	4016.768266	5392.852742	952.9381326
444	165.4278646	4016.672372	5392.540026	952.929023
444	165.4591146	4016.61757	5392.205469	952.9399784
444	165.5528646	4016.419345	5391.063548	952.8706483
444	165.5633681	4016.382689	5390.901389	952.8975109
444	165.5738715	4016.371561	5390.789922	952.8345572
444	165.5842014	4016.356813	5390.685366	952.8149676
444	165.5945313	4016.32945	5390.538819	952.8008373
444	165.6778646	4016.156769	5389.542115	952.7867683
444	165.6882813	4016.153445	5389.460704	952.733866
444	165.7091146	4016.113098	5389.220168	952.7464439
444	165.7404514	4016.068074	5388.904166	952.6956679
444	165.7612847	4015.991086	5388.573438	952.7210959
444	165.7820313	4015.946575	5388.328976	952.7928414
444	165.8758681	4015.785203	5387.279145	952.6126027
444	165.8967014	4015.734369	5387.023617	952.6533538
444	165.9382813	4015.648277	5386.531402	952.5908608
444	165.9486979	4015.626062	5386.399738	952.6152775
444	165.9695313	4015.590185	5386.179665	952.6276776
444	166.0111979	4015.515877	5385.688456	952.5269866
444	166.0216146	4015.499044	5385.582179	952.5255195
444	166.0320313	4015.469609	5385.42585	952.5241589
444	166.0424479	4015.425866	5385.26958	952.586737
444	166.0528646	4015.414349	5385.147571	952.5599685
444	166.0736979	4015.385382	5384.938583	952.5132166
444	166.0841146	4015.354961	5384.790998	952.4937735
444	166.1049479	4015.313401	5384.545862	952.5063337
444	166.1153646	4015.297111	5384.436751	952.4842567
444	166.1257813	4015.271828	5384.300755	952.4983076
444	166.1361979	4015.264959	5384.204417	952.4403527
444	166.1778646	4015.150433	5383.657731	952.4676616
444	166.1882813	4015.136512	5383.539523	952.458718
444	166.1986979	4015.132331	5383.455832	952.4264453
444	166.2195313	4015.094788	5383.225895	952.418243
444	166.2403646	4015.049058	5382.979769	952.3946663
444	166.2507813	4015.020076	5382.848159	952.447039
444	166.2611979	4015.010488	5382.752848	952.4121361
444	166.2924479	4014.945686	5382.390622	952.3638844
444	166.3028646	4014.937326	5382.294954	952.323852
444	166.3132813	4014.921642	5382.182845	952.3481911
444	166.3237847	4014.890201	5382.038482	952.3621979
444	166.3371528	4014.933486	5382.062835	952.3506464
444	166.3443287	4014.920373	5381.988312	952.3126669
444	166.3547454	4014.895209	5381.857945	952.3652582
444	166.3755787	4014.868302	5381.662409	952.3313592
444	166.3859954	4014.841319	5381.516253	952.3068459
444	166.396412	4014.823069	5381.399841	952.2848102
444	166.4068287	4014.80168	5381.281784	952.3038097
444	166.4172454	4014.791028	5381.189725	952.2867932
444	166.4277778	4014.77206	5381.065404	952.2726396
444	166.434809	4014.682869	5380.795085	952.2887582
444	166.4382813	4014.666153	5380.727425	952.3046283
444	166.4486979	4014.635125	5380.569243	952.2594778
444	166.4747396	4014.601454	5380.318818	952.2544451
444	166.5112847	4014.511332	5379.823874	952.2561013
444	166.5528646	4014.427246	5379.282955	952.1713083
444	166.5738426	4014.464642	5379.213665	952.1663283
444	166.5841435	4014.451512	5379.095299	952.1393564
444	166.6049479	4014.335505	5378.627045	952.0802883
444	166.6258681	4014.303214	5378.390027	952.0854621
444	166.6361979	4014.28679	5378.270204	952.0505967
444	166.6547743	4014.22464	5377.97886	952.1221546
444	166.6778646	4014.189988	5377.707099	952.0813909
444	166.6986979	4014.151856	5377.450319	952.0221818
444	166.7091146	4014.125792	5377.309575	952.0233623
444	166.7195313	4014.098728	5377.169321	952.0605097
444	166.7299479	4014.078771	5377.037302	952.0053256
444	166.7403646	4014.078753	5376.957823	951.9756912
444	166.7507813	4014.047149	5376.819225	952.0100232
444	166.7611979	4014.028333	5376.681269	951.9960016
444	166.7716146	4014.00957	5376.554246	951.9458832
444	166.8028646	4013.936783	5376.160289	952.0031545
444	166.8132813	4013.902268	5376.003718	952.0247763
444	166.8341146	4013.888532	5375.800897	951.9066758
444	166.8445313	4013.853192	5375.650081	952.0026836
444	166.8550347	4013.840587	5375.542643	951.926874
444	166.8653646	4013.829053	5375.429383	951.9049858
444	166.8757813	4013.810558	5375.313163	951.8932164
444	166.8861979	4013.78874	5375.184617	951.8866885
444	166.8966146	4013.772621	5375.075879	951.8851727
444	166.9070313	4013.750745	5374.939093	951.8710931
444	166.9382813	4013.675372	5374.535536	951.8975543
444	166.9486979	4013.640097	5374.371073	951.8343925
444	166.9592014	4013.626265	5374.250474	951.8382542
444	166.9800347	4013.589921	5374.00993	951.8432809
444	167.0007813	4013.548843	5373.752107	951.8122011
444	167.0111979	4013.520413	5373.609707	951.8158819
444	167.0217014	4013.50853	5373.499436	951.8068871
444	167.0321181	4013.483837	5373.352879	951.7901594
444	167.0424479	4013.467177	5373.247086	951.7937492
444	167.0528646	4013.439036	5373.09368	951.8284279
444	167.0736979	4013.414876	5372.870491	951.7565222
444	167.0841146	4013.398167	5372.748406	951.7346517
444	167.0945313	4013.385775	5372.635518	951.7616661
444	167.1153646	4013.338173	5372.361125	951.7434322
444	167.1570313	4013.259985	5371.849677	951.684146
444	167.1674479	4013.241087	5371.714704	951.6649811
444	167.1778646	4013.206525	5371.558402	951.6711111
444	167.1986979	4013.169631	5371.310178	951.6632694
444	167.2091146	4013.159487	5371.202024	951.6619902
444	167.2195313	4013.136881	5371.073987	951.6425537
444	167.2299479	4013.112488	5370.932967	951.6258398
444	167.2507813	4013.078951	5370.69711	951.6256162
444	167.2612847	4013.055001	5370.558794	951.6217321
444	167.2716146	4013.02486	5370.414456	951.6330302
444	167.2821181	4013.019509	5370.329112	951.6341761
444	167.2924479	4012.98977	5370.176482	951.6070608
444	167.3028646	4012.969716	5370.05029	951.5851144
444	167.3236979	4012.931357	5369.802771	951.5874543
444	167.3341146	4012.917011	5369.690766	951.5912309
444	167.3480324	4012.968936	5369.734081	951.5387671
444	167.3547454	4012.970982	5369.700509	951.5676904
444	167.365162	4012.94169	5369.556102	951.5635792
444	167.3755787	4012.924138	5369.437064	951.5468045
444	167.396412	4012.876017	5369.163223	951.5286188
444	167.4172454	4012.830609	5368.899294	951.5103891
444	167.427662	4012.818786	5368.797389	951.508932
444	167.4380787	4012.789358	5368.650233	951.5330521
444	167.458912	4012.752864	5368.407568	951.4866655
444	167.4693287	4012.723791	5368.268445	951.5441317
444	167.4798611	4012.713987	5368.15767	951.4787489
444	167.490162	4012.690203	5368.021888	951.497932
444	167.5005787	4012.666482	5367.886384	951.4964989
444	167.5109954	4012.655056	5367.765243	951.4517368
444	167.521412	4012.627384	5367.614742	951.450374
444	167.5319444	4012.604242	5367.470705	951.3952164
444	167.552662	4012.577998	5367.240824	951.3951917
444	167.5630787	4012.54917	5367.087939	951.4118378
444	167.5734954	4012.533191	5366.963142	951.379789
444	167.5943287	4012.500114	5366.705748	951.313091
444	167.6048611	4012.462532	5366.529081	951.3734488
444	167.615162	4012.45341	5366.42079	951.3387533
444	167.6255787	4012.417138	5366.246303	951.3246459
444	167.6359954	4012.408055	5366.135267	951.3234489
444	167.6568287	4012.358652	5365.837749	951.3234986
444	167.6672454	4012.347506	5365.713974	951.2582904
444	167.6881944	4012.320354	5365.481671	951.25567
444	167.7193287	4012.22586	5364.996821	951.2568565
444	167.7402778	4012.193909	5364.742068	951.2082824
444	167.7506944	4012.177735	5364.620114	951.1966954
444	167.7609954	4012.168158	5364.514733	951.2081318
444	167.7715278	4012.136782	5364.349529	951.1709885
444	167.7818287	4012.113449	5364.205753	951.1748666
444	167.7922454	4012.106929	5364.112974	951.176071
444	167.802662	4012.078782	5363.957474	951.1798336
444	167.8371528	4012.013619	5363.529941	951.1479185
444	167.840625	4012.00481	5363.484237	951.1586118
444	167.8478009	4011.992054	5363.38566	951.0928582
444	167.8547454	4011.980066	5363.313916	951.1037379
444	167.8616898	4011.96183	5363.206497	951.0944129
444	167.86875	4011.946241	5363.108874	951.0722084
444	167.9033565	4011.884096	5362.694078	951.0813155
444	167.9103009	4011.860343	5362.577652	951.0641354
444	167.9172454	4011.845637	5362.496264	951.1136484
444	167.9241898	4011.847402	5362.438383	951.0581358
444	167.9311343	4011.819424	5362.315593	951.0691304
444	167.9380787	4011.806157	5362.228012	951.0546239
444	167.9519676	4011.78559	5362.067105	951.0434654
444	167.958912	4011.776785	5361.991494	951.0494616
444	167.9659722	4011.758107	5361.884291	950.9887717
444	167.9729167	4011.748362	5361.814409	951.0457895
444	167.9798611	4011.729157	5361.704668	951.0313779
444	167.99375	4011.705722	5361.533895	951.0176651
444	168.0006944	4011.681724	5361.434132	951.0669612
444	168.0145833	4011.664085	5361.277586	951.0096939
444	168.0215278	4011.646496	5361.169819	951.0107394
444	168.0284722	4011.639912	5361.090884	950.9808765
444	168.0354167	4011.617518	5360.979601	950.9996782
444	168.0423611	4011.619185	5360.913789	950.9647974
444	168.05625	4011.577843	5360.70621	950.9688897
444	168.0631944	4011.562209	5360.608896	950.9440956
444	168.0701389	4011.548568	5360.510565	950.957901
444	168.0770833	4011.522336	5360.384481	950.9356873
444	168.0840278	4011.528423	5360.346886	950.9340621
444	168.0909722	4011.510137	5360.250455	950.980956
444	168.0979167	4011.490203	5360.130101	950.9280951
444	168.1048611	4011.480262	5360.049593	950.9238679
444	168.1118056	4011.47565	5359.988837	950.9143896
444	168.11875	4011.458537	5359.881147	950.8768674
444	168.1256944	4011.44761	5359.790065	950.8905805
444	168.1395833	4011.416093	5359.595212	950.8589878
444	168.1465278	4011.407719	5359.50331	950.8371052
444	168.1604167	4011.381784	5359.328329	950.8720789
444	168.1673611	4011.364263	5359.234293	950.8907148
444	168.18125	4011.32681	5359.028162	950.9308419
444	168.2020833	4011.293447	5358.752796	950.8440612
444	168.2090278	4011.27327	5358.65164	950.8652742
444	168.2159722	4011.264085	5358.562708	950.8509685
444	168.2229167	4011.248362	5358.489817	950.8282762
444	168.2576389	4011.188696	5358.058498	950.7479072
444	168.2715278	4011.180214	5357.896235	950.7219776
444	168.2784722	4011.16388	5357.796453	950.7203577
444	168.2993056	4011.126142	5357.533649	950.7023082
444	168.30625	4011.106225	5357.440445	950.7464646
444	168.3131944	4011.082075	5357.340871	950.7546438
444	168.3548611	4011.015142	5356.836588	950.729088
444	168.3649306	4010.998264	5356.718024	950.7327202
444	168.3753472	4010.987423	5356.60548	950.6801574
444	168.3961806	4010.935955	5356.317911	950.6902087
444	168.4482639	4010.825161	5355.656291	950.6651133
444	168.4586806	4010.800287	5355.508196	950.6509629
444	168.4690972	4010.791831	5355.402847	950.6266212
444	168.5003472	4010.730106	5355.000096	950.6174663
444	168.5211806	4010.67608	5354.705524	950.5736389
444	168.6774306	4010.355041	5352.631845	950.505219
444	168.7086806	4010.283445	5352.181655	950.4630646
444	168.8232639	4010.003745	5350.573338	950.406886
444	168.8857639	4009.879539	5349.788284	950.3957492
444	168.8961806	4009.854484	5349.643193	950.3815274
444	168.9065972	4009.838592	5349.524707	950.3085066
444	168.9170139	4009.81715	5349.383894	950.3379632
444	168.9274306	4009.796685	5349.256152	950.3236729
444	168.9378472	4009.778207	5349.133058	950.3452401
444	168.9690972	4009.714837	5348.734456	950.3001244
444	168.9899306	4009.667663	5348.470552	950.3302654
444	169.0107639	4009.609121	5348.156578	950.3325811
444	169.0211806	4009.595665	5348.039828	950.2903301
444	169.0315972	4009.58614	5347.946173	950.2683443
444	169.0420139	4009.562155	5347.8008	950.3104554
444	169.0524306	4009.534138	5347.648793	950.2809126
444	169.0628472	4009.50851	5347.501489	950.2794983
444	169.0732639	4009.48073	5347.354752	950.2831363
444	169.0940972	4009.429651	5347.060019	950.2675097
444	169.1045139	4009.422595	5346.954667	950.2433309
444	169.1149306	4009.394266	5346.791943	950.2112708
444	169.1253472	4009.369342	5346.655207	950.2404813
444	169.1357639	4009.348141	5346.511643	950.2008874
444	169.1461806	4009.329444	5346.383415	950.1764549
444	169.1565972	4009.314506	5346.261931	950.1879115
444	169.1670139	4009.287177	5346.099092	950.1585689
444	169.1878472	4009.217077	5345.759723	950.2298068
444	169.2086806	4009.187298	5345.525029	950.1528532
444	169.2190972	4009.154573	5345.339868	950.2796064
444	169.2295139	4009.139037	5345.234738	950.1756697
444	169.2399306	4009.12351	5345.113514	950.1717106
444	169.2607639	4009.079356	5344.832694	950.1383893
444	169.2711806	4009.059385	5344.702275	950.1496578
444	169.2815972	4009.029781	5344.545646	950.1610858
444	169.2920139	4009.006534	5344.400288	950.1136968
444	169.3024306	4008.985034	5344.273037	950.1786125
444	169.3128472	4008.964699	5344.148294	950.1744882
444	169.3232639	4008.950317	5344.029436	950.1349101
444	169.3336806	4008.917534	5343.85253	950.0926493
444	169.3440972	4008.893473	5343.73152	950.1369073
444	169.3545139	4008.868386	5343.581416	950.1381181
444	169.3675347	4008.852161	5343.447043	950.1139814
444	169.3753472	4008.832633	5343.335522	950.0815162
444	169.3961806	4008.79279	5343.093682	950.1040178
444	169.4065972	4008.757763	5342.922837	950.1305985
444	169.4274306	4008.725234	5342.691963	950.0636902
444	169.4378472	4008.698732	5342.553248	950.0902434
444	169.4482639	4008.671107	5342.403984	950.1091765
444	169.4586806	4008.64655	5342.277971	950.1535638
444	169.4795139	4008.608937	5342.024701	950.0791351
444	169.4899306	4008.598975	5341.920582	950.0367704
444	169.5420139	4008.478428	5341.249633	950.0903425
444	169.5628472	4008.441899	5340.982634	950.0110254
444	169.5836806	4008.400343	5340.70936	949.9903824
444	169.5940972	4008.383263	5340.594294	949.996548
444	169.6982639	4008.164316	5339.224085	949.9464961
444	169.7022569	4008.152977	5339.163383	949.9801322
444	169.7086806	4008.147851	5339.108774	949.9526854
444	169.7503472	4008.041737	5338.500691	949.9521242
444	169.7711806	4008.009761	5338.256568	949.9416569
444	169.8545139	4007.835565	5337.175415	949.9249465
444	169.8649306	4007.807974	5337.031808	949.9028225
444	169.8753472	4007.79443	5336.921004	949.8758638
444	169.8857639	4007.768857	5336.77962	949.8819375
444	169.8961806	4007.731493	5336.61791	949.9542757
444	169.9536458	4007.631788	5335.951775	949.8756591
444	169.9690972	4007.595287	5335.746957	949.8746636
444	169.9795139	4007.564706	5335.596413	949.9010545
444	169.9899306	4007.541813	5335.467499	949.8994173
444	170.0003472	4007.523595	5335.339617	949.8750819
444	170.0315972	4007.472121	5334.987059	949.8654583
444	170.1253472	4007.270241	5333.769156	949.8390607
444	170.3545139	4006.800638	5330.735708	949.720964
444	170.5628472	4006.391598	5328.166366	949.6467482
444	170.5732639	4006.376311	5328.043227	949.6453361
444	170.5836806	4006.361765	5327.925138	949.6312073
444	170.5940972	4006.346204	5327.804697	949.6221186
444	170.6045139	4006.320716	5327.655616	949.6333034
444	170.6149306	4006.301978	5327.528254	949.6216933
444	170.6253472	4006.278714	5327.389027	949.6226357
444	170.6357639	4006.265096	5327.270757	949.6009288
444	170.6461806	4006.247542	5327.153596	949.591606
444	170.6565972	4006.227745	5327.018724	949.6054955
444	170.6670139	4006.195987	5326.850311	949.5963849
444	170.6774306	4006.180677	5326.729737	949.6153124
444	170.6878472	4006.166723	5326.616988	949.5959854
444	170.6982639	4006.143028	5326.456516	949.5845514
444	170.7086806	4006.121594	5326.324808	949.5906922
444	170.7190972	4006.10183	5326.189771	949.5841962
444	170.7295139	4006.080552	5326.042076	949.5675375
444	170.7399306	4006.065505	5325.918858	949.5764117
444	170.7503472	4006.04266	5325.782257	949.5697046
444	170.7607639	4006.025565	5325.662412	949.5477689
444	170.7711806	4006.006101	5325.52481	949.5413229
444	170.7815972	4005.986249	5325.397907	949.5601277
444	170.7920139	4005.962429	5325.23764	949.5563909
444	170.8128472	4005.926705	5325.003878	949.5633069
444	170.8232639	4005.888676	5324.811117	949.5797815
444	170.8336806	4005.868469	5324.686855	949.6036641
444	170.8440972	4005.861414	5324.587777	949.5614974
444	170.8545139	4005.83773	5324.44354	949.5778073
444	170.8649306	4005.813752	5324.310156	949.555756
444	170.8753472	4005.79215	5324.175714	949.605331
444	170.8857639	4005.784675	5324.076889	949.5323947
444	170.8961806	4005.757099	5323.928665	949.5181098
444	170.9065972	4005.737271	5323.796446	949.5166067
444	170.9170139	4005.71159	5323.658173	949.550627
444	170.9378472	4005.684879	5323.448274	949.5296829
444	170.9482639	4005.660891	5323.309561	949.5178959
444	170.9586806	4005.636928	5323.162787	949.5062299
444	170.9795139	4005.695408	5322.48302	949.1902087
444	170.9899306	4005.671614	5322.346894	949.1937186
444	171.0003472	4005.647533	5322.208183	949.2074376
444	171.0107639	4005.638715	5322.112472	949.226355
444	171.0211806	4005.61202	5321.963975	949.229821
444	171.0315972	4005.59351	5321.839582	949.1951366
444	171.0420139	4005.573411	5321.723474	949.2240191
444	171.0524306	4005.563695	5321.620116	949.1818119
444	171.0628472	4005.538491	5321.473938	949.2031995
444	171.0732639	4005.523137	5321.359089	949.1889771
444	171.0836806	4005.497992	5321.207346	949.1849444
444	171.1045139	4005.46164	5320.95295	949.1743114
444	171.1149306	4005.445471	5320.835701	949.1931104
444	171.1253472	4005.422063	5320.686298	949.1713239
444	171.1357639	4005.399509	5320.552435	949.1799828
444	171.1461806	4005.387423	5320.439252	949.1555194
444	171.1565972	4005.368222	5320.304319	949.1541664
444	171.1670139	4005.349081	5320.164201	949.1605059
444	171.1774306	4005.324502	5320.017697	949.1717323
444	171.1878472	4005.30584	5319.877343	949.1576414
444	171.1982639	4005.290952	5319.757236	949.1459917
444	171.2086806	4005.272843	5319.619303	949.1370262
444	171.2190972	4005.250165	5319.477673	949.1432199
444	171.2399306	4005.217746	5319.214122	949.1405028
444	171.2503472	4005.188783	5319.042548	949.1239202
444	171.2607639	4005.174498	5318.919507	949.1149078
444	171.2711806	4005.153976	5318.779803	949.1134651
444	171.2815972	4005.13568	5318.642074	949.1120955
444	171.2920139	4005.120603	5318.519209	949.1310112
444	171.3024306	4005.106413	5318.388122	949.1017635
444	171.3128472	4005.089439	5318.268651	949.1282415
444	171.3232639	4005.068929	5318.121032	949.0683197
444	171.3336806	4005.049334	5317.989109	949.1203495
444	171.3440972	4005.024932	5317.837292	949.1010211
444	171.3545139	4005.014804	5317.726374	949.1098972
444	171.3649306	4004.99905	5317.601088	949.1084553
444	171.378125	4004.972331	5317.426208	949.0944942
444	171.3822917	4004.971196	5317.394713	949.094908
444	171.3892361	4004.952817	5317.289028	949.0931443
444	171.3961806	4004.95265	5317.235894	949.0939233
444	171.403125	4004.937358	5317.139849	949.0818914
444	171.4100694	4004.919318	5317.033874	949.0825304
444	171.4170139	4004.912356	5316.956511	949.0757426
444	171.4309028	4004.885525	5316.768506	949.0976292
444	171.4378472	4004.885214	5316.712753	949.1163152
444	171.4447917	4004.87093	5316.621759	949.1067292
444	171.4517361	4004.863541	5316.538903	949.074609
444	171.4586806	4004.851186	5316.447301	949.0855639
444	171.4725694	4004.832648	5316.26989	949.0847565
444	171.4795139	4004.832312	5316.206222	949.0550652
444	171.4864583	4004.822189	5316.1166	949.0763592
444	171.5003472	4004.797604	5315.909204	949.0910182
444	171.5072917	4004.79063	5315.821174	949.1021665
444	171.5142361	4004.790617	5315.754741	949.0700577
444	171.5211806	4004.773573	5315.635309	949.0939402
444	171.528125	4004.774694	5315.563266	949.0873553
444	171.5350694	4004.764803	5315.465566	949.0858607
444	171.5420139	4004.756196	5315.378071	949.0918821
444	171.5489583	4004.73781	5315.253825	949.1233754
444	171.5559028	4004.747362	5315.21372	949.1091047
444	171.5697917	4004.739385	5315.046245	949.1111984
444	171.5767361	4004.729186	5314.935383	949.1173952
444	171.5836806	4004.72049	5314.83714	949.1108296
444	171.6045139	4004.69575	5314.545162	949.1344045
444	171.6114583	4004.700819	5314.487866	949.1329157
444	171.6184028	4004.696377	5314.401673	949.1390141
444	171.6253472	4004.673353	5314.260314	949.1577939
444	171.6322917	4004.671812	5314.186585	949.1639344
444	171.6461806	4004.662796	5314.019519	949.1405859
444	171.653125	4004.654851	5313.926714	949.1237116
444	171.6600694	4004.633876	5313.795429	949.124661
444	171.6670139	4004.634375	5313.723556	949.1028338
444	171.6739583	4004.625392	5313.633572	949.103735
444	171.6809028	4004.608824	5313.532612	949.1756259
444	171.6878472	4004.594678	5313.420486	949.1206357
444	171.6947917	4004.590933	5313.349963	949.1291891
444	171.7017361	4004.580538	5313.247071	949.1302116
444	171.715625	4004.567042	5313.063156	949.1246715
444	171.7225694	4004.566042	5312.983954	949.057082
444	171.7295139	4004.541537	5312.843037	949.1012391
444	171.7364583	4004.539699	5312.766874	949.0692003
444	171.7503472	4004.518786	5312.574447	949.0760788
444	171.7711806	4004.49193	5312.291336	949.0331704
444	171.7850694	4004.46258	5312.072585	949.0248336
444	171.7920139	4004.461943	5312.001321	948.9902181
444	171.7989583	4004.452505	5311.906103	948.9708378
444	171.8059028	4004.449784	5311.830156	948.9794228
444	171.8128472	4004.43259	5311.703031	948.9576744
444	171.8197917	4004.426228	5311.614971	948.9738668
444	171.8267361	4004.412718	5311.507879	948.9519059
444	171.8336806	4004.390239	5311.374506	948.9756989
444	171.840625	4004.386341	5311.301424	948.9536899
444	171.8475694	4004.373163	5311.194431	948.9367796
444	171.8545139	4004.369057	5311.113505	948.9327329
444	171.8614583	4004.361487	5311.015258	948.8804274
444	171.8684028	4004.35599	5310.942783	948.8939575
444	171.8753472	4004.338861	5310.834274	948.9150692
444	171.8822917	4004.336593	5310.763371	948.8855061
444	171.8892361	4004.315992	5310.645367	948.8964288
444	171.903125	4004.300998	5310.475279	948.8905176
444	171.9170139	4004.279435	5310.296573	948.9201322
444	171.9239583	4004.277019	5310.212579	948.8246488
444	171.9309028	4004.268102	5310.120127	948.8357431
444	171.9378472	4004.257597	5310.035989	948.8466411
444	171.9447917	4004.247495	5309.938479	948.8094113
444	171.9517361	4004.232024	5309.847981	948.8380216
444	171.9586806	4004.218371	5309.757015	948.8386163
444	171.965625	4004.221316	5309.695104	948.7735564
444	171.9725694	4004.199925	5309.572051	948.7819465
444	171.9795139	4004.195253	5309.507367	948.8183744
444	171.9864583	4004.185004	5309.404586	948.773526
444	171.9934028	4004.172166	5309.310618	948.8227208
444	172.0003472	4004.156305	5309.212351	948.8436389
444	172.0072917	4004.158775	5309.163943	948.7986876
444	172.0142361	4004.155173	5309.08036	948.7615626
444	172.0211806	4004.125099	5308.94421	948.8207196
444	172.028125	4004.122867	5308.881454	948.7604713
444	172.0350694	4004.120652	5308.813169	948.7791196
444	172.0420139	4004.117711	5308.740062	948.7521266
444	172.0628472	4004.075707	5308.440837	948.7545076
444	172.0697917	4004.07209	5308.370523	948.7171917
444	172.0767361	4004.064816	5308.293439	948.7002145
444	172.0836806	4004.056667	5308.21139	948.6807056
444	172.090625	4004.052453	5308.141173	948.6764036
444	172.0975694	4004.038326	5308.039742	948.6772149
444	172.1045139	4004.030046	5307.965645	948.6677439
444	172.1114583	4004.012843	5307.857172	948.6557903
444	172.1184028	4004.01099	5307.791568	948.6439355
444	172.1253472	4003.984091	5307.654582	948.6701045
444	172.1322917	4003.971651	5307.573687	948.6502856
444	172.1392361	4003.969449	5307.505627	948.6410124
444	172.1461806	4003.963083	5307.417721	948.6242357
444	172.153125	4003.943405	5307.296799	948.6174704
444	172.1600694	4003.931667	5307.210462	948.6028888
444	172.1670139	4003.926391	5307.143361	948.6188982
444	172.1739583	4003.910711	5307.034448	948.6070209
444	172.1809028	4003.899579	5306.942792	948.6001405
444	172.1878472	4003.869402	5306.793523	948.6187299
444	172.1947917	4003.871111	5306.74265	948.6169863
444	172.2086806	4003.858707	5306.572122	948.5502459
444	172.215625	4003.857784	5306.508838	948.5459968
444	172.2225694	4003.839792	5306.387528	948.516438
444	172.2295139	4003.825157	5306.288978	948.5274262
444	172.2364583	4003.814432	5306.199695	948.5179675
444	172.2434028	4003.807293	5306.1174	948.5112301
444	172.2572917	4003.781176	5305.921826	948.49243
444	172.2642361	4003.77265	5305.831975	948.45783
444	172.2711806	4003.758548	5305.730711	948.4636651
444	172.278125	4003.745746	5305.631525	948.4873721
444	172.2850694	4003.729784	5305.525416	948.4907176
444	172.2920139	4003.727003	5305.455027	948.4814508
444	172.2989583	4003.717478	5305.357509	948.4519477
444	172.3059028	4003.711368	5305.277494	948.4401017
444	172.3128472	4003.71282	5305.213615	948.4080695
444	172.3267361	4003.683409	5305.013977	948.4222879
444	172.3475694	4003.650608	5304.72544	948.3817359
444	172.3545139	4003.639477	5304.641656	948.395138
444	172.3614583	4003.642304	5304.590687	948.3832945
444	172.3684028	4003.629738	5304.488902	948.3688051
444	172.3753472	4003.614666	5304.387887	948.3873912
444	172.3822917	4003.607916	5304.308099	948.3603267
444	172.3892361	4003.603645	5304.240674	948.3686925
444	172.4001736	4003.592281	5304.104221	948.3091174
444	172.403125	4003.585036	5304.061663	948.3195432
444	172.4100694	4003.577185	5303.976899	948.3052139
444	172.4170139	4003.566426	5303.887702	948.3110254
444	172.4239583	4003.565394	5303.82738	948.2889827
444	172.4309028	4003.551851	5303.731149	948.2871716
444	172.4378472	4003.554122	5303.68294	948.2930992
444	172.4447917	4003.534211	5303.562331	948.2811854
444	172.4517361	4003.513804	5303.441782	948.2896428
444	172.4586806	4003.516169	5303.401533	948.3003977
444	172.465625	4003.510099	5303.337437	948.273141
444	172.4725694	4003.495094	5303.233686	948.2764891
444	172.4795139	4003.478718	5303.135675	948.2897488
444	172.4934028	4003.476285	5303.022977	948.2709584
444	172.5003472	4003.451792	5302.890485	948.2692392
444	172.5072917	4003.455428	5302.841882	948.2471596
444	172.5142361	4003.446409	5302.762832	948.2403738
444	172.5211806	4003.428674	5302.660215	948.263875
444	172.528125	4003.416738	5302.574076	948.2822918
444	172.5350694	4003.414571	5302.51404	948.2246203
444	172.5420139	4003.39627	5302.403434	948.222786
444	172.5489583	4003.384943	5302.32785	948.2411699
444	172.5559028	4003.38234	5302.278399	948.2442285
444	172.5628472	4003.374597	5302.201637	948.1966854
444	172.5697917	4003.344345	5302.070922	948.258215
444	172.5767361	4003.336557	5302.002156	948.2485942
444	172.5836806	4003.325829	5301.928868	948.2390817
444	172.590625	4003.321048	5301.864417	948.2372226
444	172.6045139	4003.309635	5301.725445	948.2106105
444	172.6114583	4003.281511	5301.594196	948.2492912
444	172.6184028	4003.292316	5301.577729	948.1968275
444	172.6253472	4003.277567	5301.479371	948.1797125
444	172.6392361	4003.239349	5301.264129	948.2064099
444	172.6461806	4003.244867	5301.220218	948.1869157
444	172.653125	4003.241223	5301.160662	948.1521248
444	172.6600694	4003.226978	5301.064727	948.1604157
444	172.6670139	4003.209041	5300.962127	948.1609461
444	172.6739583	4003.192187	5300.859203	948.1388586
444	172.6809028	4003.184662	5300.790196	948.1546693
444	172.6878472	4003.174978	5300.708839	948.1604976
444	172.7434028	4003.097263	5299.973044	948.106389
444	172.7503472	4003.091548	5299.88511	948.0794071
444	172.7572917	4003.07478	5299.774321	948.0727021
444	172.7642361	4003.072123	5299.698661	948.0381036
444	172.7711806	4003.060795	5299.607207	948.0490225
444	172.7920139	4003.034074	5299.341209	948.0617101
444	172.7989583	4003.015289	5299.215207	948.0473559
444	172.8059028	4003.005437	5299.125886	948.0228482
444	172.8128472	4003.007067	5299.064797	948.0008614
444	172.8197917	4003.004037	5298.997333	948.0016846
444	172.8267361	4002.981267	5298.869696	948.0152219
444	172.8336806	4002.97426	5298.787593	948.0083868
444	172.8545139	4002.940984	5298.505057	948.0057261
444	172.8753472	4002.911854	5298.250506	948.0054189
444	172.8822917	4002.907267	5298.172818	947.9682948
444	172.8892361	4002.905241	5298.115506	947.9791624
444	172.8961806	4002.873987	5297.974797	948.0025259
444	172.903125	4002.870018	5297.899587	948.0084377
444	172.9100694	4002.859967	5297.820983	947.9812092
444	172.9170139	4002.850863	5297.734232	947.9997417
444	172.9239583	4002.847934	5297.666774	947.9701366
444	172.9309028	4002.832091	5297.566118	947.9784013
444	172.9378472	4002.824344	5297.489489	947.9689827
444	172.9447917	4002.818347	5297.41215	947.9520739
444	172.9517361	4002.806579	5297.32109	947.9274093
444	172.9586806	4002.79676	5297.239684	947.9509455
444	172.9725694	4002.783333	5297.10677	947.9597844
444	172.9795139	4002.763395	5296.994371	947.9705756
444	172.9864583	4002.761563	5296.931723	947.9282559
444	172.9934028	4002.758525	5296.864226	947.9417741
444	173.0003472	4002.748187	5296.788388	947.9576189
444	173.0072917	4002.724916	5296.663729	947.932882
444	173.0211806	4002.713763	5296.525051	947.9267422
444	173.0350694	4002.699237	5296.379331	947.9154243
444	173.0420139	4002.686268	5296.288375	947.9363806
444	173.0489583	4002.675043	5296.207605	947.9318771
444	173.0628472	4002.663336	5296.071672	947.9130622
444	173.0697917	4002.647556	5295.96849	947.9187993
444	173.0767361	4002.641341	5295.899216	947.8940911
444	173.0836806	4002.637071	5295.834764	947.8896884
444	173.090625	4002.618326	5295.737771	947.8978431
444	173.0975694	4002.619299	5295.682185	947.8935656
444	173.1045139	4002.605022	5295.576013	947.8842515
444	173.1114583	4002.594657	5295.492262	947.8875034
444	173.1184028	4002.597455	5295.449396	947.8907141
444	173.1253472	4002.57577	5295.326965	947.9016447
444	173.1322917	4002.563143	5295.249097	947.8919148
444	173.1392361	4002.568011	5295.197766	947.8675763
444	173.1461806	4002.552064	5295.097218	947.8631246
444	173.153125	4002.546081	5295.020135	947.8208198
444	173.1600694	4002.533603	5294.931818	947.8697037
444	173.1670139	4002.529878	5294.86458	947.8502029
444	173.1739583	4002.520345	5294.764891	947.8283268
444	173.1809028	4002.501084	5294.657385	947.8288369
444	173.1878472	4002.502481	5294.612301	947.8169404
444	173.1947917	4002.491995	5294.523408	947.804912
444	173.2017361	4002.479371	5294.432594	947.8031288
444	173.2086806	4002.466973	5294.333671	947.7913334
444	173.215625	4002.462446	5294.261386	947.7894936
444	173.2225694	4002.448315	5294.147273	947.7854106
444	173.2295139	4002.445356	5294.07983	947.7811113
444	173.2364583	4002.418016	5293.938111	947.8047292
444	173.2434028	4002.411423	5293.863701	947.8611751
444	173.2503472	4002.414855	5293.810277	947.793696
444	173.2572917	4002.400654	5293.693554	947.7972243
444	173.2642361	4002.402707	5293.645649	947.7776376
444	173.2711806	4002.388544	5293.534219	947.7505913
444	173.278125	4002.376735	5293.432601	947.75402
444	173.2850694	4002.366085	5293.343697	947.7370513
444	173.2920139	4002.361168	5293.269002	947.74043
444	173.2989583	4002.349185	5293.16489	947.7336572
444	173.3059028	4002.340683	5293.07527	947.7319602
444	173.3128472	4002.325834	5292.972006	947.7352636
444	173.3197917	4002.31723	5292.887812	947.7564031
444	173.3267361	4002.307808	5292.806414	947.7190247
444	173.340625	4002.302351	5292.640077	947.6981981
444	173.3475694	4002.292628	5292.551021	947.6939677
444	173.3545139	4002.276785	5292.434831	947.6847125
444	173.3614583	4002.270122	5292.357932	947.6804573
444	173.3684028	4002.254643	5292.246937	947.6838366
444	173.3753472	4002.259438	5292.193158	947.6999845
444	173.3822917	4002.248061	5292.099119	947.6602282
444	173.3892361	4002.235248	5291.992646	947.6484245
444	173.3961806	4002.227813	5291.910788	947.6517791
444	173.4052083	4002.217484	5291.787811	947.6301948
444	173.4100694	4002.209835	5291.732297	947.635631
444	173.4170139	4002.195236	5291.641955	947.6691585
444	173.4239583	4002.193685	5291.566232	947.6346408
444	173.4309028	4002.178518	5291.465759	947.6226375
444	173.4378472	4002.177826	5291.387145	947.5857385
444	173.4447917	4002.168672	5291.300515	947.5762955
444	173.4517361	4002.161954	5291.234343	947.5947062
444	173.4586806	4002.150173	5291.124862	947.5880143
444	173.465625	4002.138693	5291.036462	947.5836862
444	173.4725694	4002.129997	5290.95226	947.5895658
444	173.4795139	4002.11722	5290.858857	947.5724655
444	173.4864583	4002.117986	5290.811489	947.5630391
444	173.4934028	4002.109942	5290.729844	947.5511139
444	173.5003472	4002.099517	5290.643605	947.5492702
444	173.5072917	4002.089938	5290.559861	947.5652309
444	173.5142361	4002.083137	5290.475216	947.5331446
444	173.5211806	4002.073306	5290.391456	947.5541126
444	173.528125	4002.065886	5290.309642	947.5498864
444	173.5350694	4002.037927	5290.181382	947.5706016
444	173.5420139	4002.049189	5290.1493	947.5158327
444	173.5489583	4002.038002	5290.071138	947.5544516
444	173.5559028	4002.027308	5289.998123	947.5625369
444	173.5628472	4002.025822	5289.930368	947.5634188
444	173.5697917	4002.023646	5289.86546	947.5236137
444	173.5767361	4002.013561	5289.781886	947.5015766
444	173.5836806	4001.999945	5289.686119	947.4894878
444	173.590625	4001.998006	5289.615766	947.4651046
444	173.5975694	4001.982783	5289.525758	947.4960238
444	173.6045139	4001.974965	5289.446729	947.4663669
444	173.6114583	4001.969436	5289.382901	947.4872568
444	173.6184028	4001.95375	5289.279815	947.4550015
444	173.6253472	4001.941129	5289.183774	947.453185
444	173.6322917	4001.942326	5289.138961	947.4411891
444	173.6392361	4001.925382	5289.041534	947.4746803
444	173.6461806	4001.917944	5288.965051	947.4525808
444	173.653125	4001.913719	5288.890189	947.4180219
444	173.6600694	4001.895262	5288.780181	947.4312651
444	173.6670139	4001.883848	5288.702212	947.4673033
444	173.6739583	4001.875812	5288.618077	947.4148959
444	173.6809028	4001.867293	5288.539181	947.4206095
444	173.6878472	4001.858043	5288.455402	947.4035436
444	173.6947917	4001.857184	5288.395343	947.406992
444	173.7017361	4001.83711	5288.28308	947.3999282
444	173.7086806	4001.832332	5288.208492	947.3982798
444	173.715625	4001.818374	5288.11287	947.3963889
444	173.7225694	4001.814436	5288.043328	947.3769178
444	173.7295139	4001.805963	5287.967077	947.367357
444	173.7364583	4001.79654	5287.880816	947.3706642
444	173.7434028	4001.784247	5287.789913	947.3536412
444	173.7503472	4001.784328	5287.73479	947.3670098
444	173.7642361	4001.756705	5287.527927	947.3432946
444	173.778125	4001.736044	5287.33209	947.3474981
444	173.7850694	4001.727028	5287.266578	947.3784487
444	173.7920139	4001.722216	5287.189293	947.3640616
444	173.7989583	4001.717191	5287.104338	947.3118201
444	173.8059028	4001.706796	5287.020835	947.3302735
444	173.8128472	4001.693832	5286.912042	947.3387376
444	173.8197917	4001.693747	5286.856893	947.2964471
444	173.8267361	4001.685526	5286.764851	947.2668666
444	173.8336806	4001.679266	5286.68828	947.254954
444	173.840625	4001.668282	5286.594397	947.2582878
444	173.8475694	4001.665481	5286.537678	947.2792882
444	173.8614583	4001.644147	5286.336824	947.2328954
444	173.8684028	4001.637571	5286.265354	947.2157876
444	173.8753472	4001.618771	5286.155528	947.2518908
444	173.8822917	4001.604046	5286.049722	947.2425273
444	173.8892361	4001.604793	5285.986625	947.2510172
444	173.8961806	4001.581071	5285.859834	947.2592026
444	173.903125	4001.592149	5285.833095	947.2297438
444	173.9100694	4001.574057	5285.72044	947.2279725
444	173.9170139	4001.57557	5285.659773	947.1958767
444	173.9309028	4001.55758	5285.48696	947.1822732
444	173.9378472	4001.548811	5285.410955	947.2031547
444	173.9447917	4001.5466	5285.343539	947.1659562
444	173.9517361	4001.530372	5285.238096	947.1590662
444	173.9586806	4001.520884	5285.154481	947.1724478
444	173.965625	4001.514067	5285.085654	947.1857527
444	173.9725694	4001.510356	5285.016225	947.1764175
444	173.9864583	4001.492437	5284.864161	947.1573264
444	173.9934028	4001.478004	5284.76623	947.1579871
444	174.0003472	4001.473743	5284.704692	947.1231619
444	174.0072917	4001.461325	5284.608736	947.1163241
444	174.0142361	4001.457797	5284.552175	947.1144786
444	174.0211806	4001.449661	5284.468099	947.1303917
444	174.028125	4001.434713	5284.375603	947.1511945
444	174.0350694	4001.431944	5284.30828	947.1165242
444	174.0420139	4001.4175	5284.223463	947.1398881
444	174.0489583	4001.41501	5284.16134	947.1380787
444	174.0559028	4001.404274	5284.078015	947.1487446
444	174.0628472	4001.40016	5284.008633	947.1091138
444	174.0697917	4001.387759	5283.925786	947.1146757
444	174.0767361	4001.38255	5283.853988	947.1027459
444	174.0836806	4001.376605	5283.78777	947.085596
444	174.090625	4001.365254	5283.704536	947.1089948
444	174.0975694	4001.362843	5283.631949	947.0795236
444	174.1045139	4001.350061	5283.546677	947.0699632
444	174.1114583	4001.344095	5283.480378	947.0630258
444	174.1184028	4001.335207	5283.407	947.0636115
444	174.1322917	4001.309328	5283.226011	947.0445282
444	174.1392361	4001.309708	5283.168372	947.0530079
444	174.1461806	4001.306174	5283.101298	947.0258681
444	174.153125	4001.287263	5282.99951	947.0643755
444	174.1600694	4001.289773	5282.949088	947.0221661
444	174.1670139	4001.272892	5282.857085	947.04541
444	174.1739583	4001.268696	5282.772037	947.0235024
444	174.1809028	4001.25623	5282.683967	947.0140858
444	174.1878472	4001.244464	5282.590618	947.0223725
444	174.1947917	4001.238922	5282.524221	947.0179175
444	174.2017361	4001.232345	5282.44494	947.0035622
444	174.2086806	4001.230131	5282.39069	946.991444
444	174.215625	4001.219813	5282.283857	946.96963
444	174.2225694	4001.208578	5282.203359	946.9880641
444	174.2295139	4001.198014	5282.117308	946.9937536
444	174.2364583	4001.18698	5282.021228	946.9844261
444	174.2434028	4001.187352	5281.953082	946.9677053
444	174.2503472	4001.180511	5281.873986	946.9404811
444	174.2572917	4001.164644	5281.768645	946.9539249
444	174.2642361	4001.165453	5281.705652	946.9370634
444	174.2711806	4001.150265	5281.600219	946.9276608
444	174.278125	4001.142713	5281.513524	946.9132693
444	174.2850694	4001.136158	5281.434267	946.9394777
444	174.2920139	4001.127261	5281.342782	946.9351126
444	174.2989583	4001.13013	5281.28703	946.9183437
444	174.3059028	4001.10914	5281.157091	946.8988765
444	174.3128472	4001.111113	5281.091154	946.8745488
444	174.3197917	4001.09995	5280.984515	946.8526908
444	174.3267361	4001.088946	5280.896178	946.8761594
444	174.3336806	4001.079864	5280.802035	946.8719123
444	174.340625	4001.081324	5280.73362	946.8249002
444	174.3475694	4001.070094	5280.635101	946.8382894
444	174.3545139	4001.062595	5280.540523	946.8317564
444	174.3614583	4001.062913	5280.474977	946.80224
444	174.3661458	4001.047379	5280.380121	946.83824
444	174.3753472	4001.045673	5280.27866	946.8041089
444	174.3822917	4001.037134	5280.189653	946.8277034
444	174.3892361	4001.031904	5280.102353	946.7881907
444	174.3961806	4001.024025	5280.013072	946.7687153
444	174.403125	4001.018045	5279.926083	946.7747276
444	174.4100694	4001.003785	5279.817724	946.7653164
444	174.4170139	4000.996632	5279.725711	946.7182117
444	174.4239583	4000.993889	5279.645533	946.7191863
444	174.4309028	4000.988789	5279.571189	946.7072967
444	174.4378472	4000.978997	5279.464319	946.7006371
444	174.4447917	4000.977102	5279.391715	946.6965364
444	174.4517361	4000.965763	5279.29553	946.6973061
444	174.4586806	4000.955693	5279.196737	946.6703827
444	174.465625	4000.953342	5279.12427	946.6661662
444	174.4725694	4000.948869	5279.047134	946.6872399
444	174.4795139	4000.944259	5278.962239	946.6603949
444	174.4864583	4000.937367	5278.88334	946.6788208
444	174.4934028	4000.932704	5278.808803	946.6391655
444	174.5003472	4000.919489	5278.692486	946.6096871
444	174.5072917	4000.916223	5278.63072	946.6306061
444	174.5142361	4000.90735	5278.53406	946.5936002
444	174.5211806	4000.904102	5278.461863	946.579222
444	174.528125	4000.881277	5278.340252	946.6253251
444	174.5420139	4000.876418	5278.195508	946.584081
444	174.5489583	4000.866019	5278.106992	946.5898895
444	174.5559028	4000.858835	5278.03083	946.5804722
444	174.5697917	4000.835851	5277.84662	946.5767729
444	174.5836806	4000.818504	5277.69232	946.5653781
444	174.8197917	4000.511752	5274.653325	946.0860151
444	174.8625	4000.448262	5274.050666	946.0151854
444	174.8961806	4000.405247	5273.60145	945.993985
444	174.903125	4000.405398	5273.53371	945.97462
444	174.9239583	4000.373285	5273.253344	945.9566484
444	174.9309028	4000.367375	5273.171615	945.9600241
444	174.9378472	4000.364772	5273.099392	945.9406737
444	174.9447917	4000.358323	5273.012659	945.9288862
444	174.9517361	4000.344305	5272.912341	945.911806
444	174.9586806	4000.328864	5272.799292	945.9050257
444	174.965625	4000.325606	5272.735224	945.9107493
444	174.9725694	4000.310852	5272.624617	945.9039693
444	174.9795139	4000.319644	5272.604037	945.8870332
444	174.9864583	4000.299478	5272.476822	945.8776593
444	174.9934028	4000.294483	5272.410424	945.8656653
444	175.0003472	4000.288499	5272.33127	945.8461496
444	175.0072917	4000.278057	5272.243119	945.8543897
444	175.0142361	4000.278585	5272.201273	945.8449771
444	175.0211806	4000.254884	5272.069881	945.8329318
444	175.028125	4000.245507	5271.991566	945.8714943
444	175.0350694	4000.238815	5271.912803	945.8291792
444	175.0420139	4000.232433	5271.844266	945.8424508
444	175.0489583	4000.228236	5271.777758	945.8254915
444	175.0559028	4000.222418	5271.706353	945.8236284
444	175.0628472	4000.220228	5271.647081	945.7964762
444	175.0697917	4000.201631	5271.55067	945.8096034
444	175.0836806	4000.180839	5271.389843	945.8183132
444	175.090625	4000.17609	5271.320873	945.8190183
444	175.0975694	4000.174444	5271.271859	945.7664489
444	175.1045139	4000.159434	5271.171955	945.792364
444	175.1114583	4000.155547	5271.08955	945.757889
444	175.1184028	4000.147754	5271.029374	945.7634168
444	175.1253472	4000.136579	5270.954288	945.766429
444	175.1322917	4000.131682	5270.885369	945.7418219
444	175.1392361	4000.124963	5270.814323	945.7500096
444	175.1461806	4000.107689	5270.712328	945.7505326
444	175.153125	4000.109474	5270.662397	945.7361065
444	175.1600694	4000.108313	5270.610736	945.7292005
444	175.1670139	4000.096954	5270.520163	945.6970092
444	175.1739583	4000.094807	5270.466243	945.7355914
444	175.1878472	4000.083185	5270.318345	945.6712249
444	175.1947917	4000.039786	5270.044027	945.5539202
444	175.2017361	4000.01815	5269.85485	945.479693
444	175.2086806	3999.994982	5269.689406	945.437736
444	175.215625	3999.981465	5269.557876	945.405998
444	175.2225694	3999.960558	5269.391837	945.3490568
444	175.2295139	3999.934212	5269.209205	945.2819645
444	175.2364583	3999.900178	5268.989623	945.2503891
444	175.2503472	3999.743446	5267.94777	944.7941018
