  4.9495722e+005  6.7750914e+006
  4.9499541e+005  6.7751392e+006
  4.9503318e+005  6.7751845e+006
  4.9500213e+005  6.7752136e+006
  4.9501225e+005  6.7752525e+006
  4.9506354e+005  6.7752974e+006
  4.9506934e+005  6.7753288e+006
  4.9512700e+005  6.7753678e+006
  4.9516235e+005  6.7754054e+006
  4.9516796e+005  6.7754488e+006
  4.9524039e+005  6.7754950e+006
  4.9533144e+005  6.7755368e+006
  4.9534638e+005  6.7755661e+006
  4.9537598e+005  6.7755972e+006
  4.9538577e+005  6.7756115e+006
  4.9541164e+005  6.7756357e+006
  4.9543669e+005  6.7756599e+006
  4.9545841e+005  6.7756909e+006
  4.9549255e+005  6.7757238e+006
  4.9557236e+005  6.7757557e+006
  4.9558674e+005  6.7757859e+006
  4.9561128e+005  6.7758084e+006
  4.9564209e+005  6.7758328e+006
  4.9574252e+005  6.7758563e+006
  4.9578541e+005  6.7758896e+006
  4.9582617e+005  6.7759111e+006
  4.9589791e+005  6.7759357e+006
  4.9598804e+005  6.7759506e+006
  4.9608731e+005  6.7759665e+006
  4.9617604e+005  6.7759709e+006
  4.9624869e+005  6.7759678e+006
  4.9630342e+005  6.7759628e+006
  4.9630074e+005  6.7759520e+006
  4.9630520e+005  6.7759438e+006
  4.9635271e+005  6.7759368e+006
  4.9639074e+005  6.7759253e+006
  4.9645035e+005  6.7759192e+006
  4.9646656e+005  6.7759010e+006
  4.9645792e+005  6.7758902e+006
  4.9646777e+005  6.7758844e+006
  4.9648564e+005  6.7758743e+006
  4.9648572e+005  6.7758658e+006
  4.9648427e+005  6.7758449e+006
  4.9650643e+005  6.7758298e+006
  4.9653613e+005  6.7758173e+006
  4.9654518e+005  6.7757990e+006
  4.9654961e+005  6.7757864e+006
  4.9656403e+005  6.7757675e+006
  4.9657508e+005  6.7757583e+006
  4.9660814e+005  6.7757545e+006
  4.9662802e+005  6.7757425e+006
  4.9662792e+005  6.7757290e+006
  4.9663888e+005  6.7757211e+006
  4.9666818e+005  6.7757164e+006
  4.9668103e+005  6.7757069e+006
  4.9670075e+005  6.7757040e+006
  4.9670996e+005  6.7756950e+006
  4.9672307e+005  6.7756884e+006
  4.9673965e+005  6.7756840e+006
